$NOD
994
1 0 0 -0
2 3.141592653589793 -0 0
3 -3.141592653589793 -0 -0
4 0 3.141592653589793 -0
5 0 -3.141592653589793 0
6 3.135393438086483 0.1972622353457016 0
7 3.116820257046971 0.3937459667742796 0
8 3.0859464102938 0.5886757629494948 0
9 3.042893742842435 0.7812823246814908 0
10 2.987832163849779 0.9708055221073389 0
11 2.92097897627504 1.156497393532981 0
12 2.842598019035958 1.337625098172954 0
13 2.752998626094094 1.513473807442134 0
14 2.65253440518015 1.683349527111034 0
15 2.541601842672225 1.846581835287705 0
16 2.420638738814108 2.002526528473918 0
17 2.29012247973339 2.150568164208972 0
18 2.150568153844529 2.290122489466249 0
19 2.0025265184098 2.420638747139871 0
20 1.846581825864159 2.541601849518832 0
21 1.683349518178614 2.652534410848837 0
22 1.513473799304327 2.752998630567891 0
23 1.337625090658225 2.842598022572121 0
24 1.15649738703047 2.920978978849566 0
25 0.9708055165747074 2.98783216564744 0
26 0.7812823203140509 3.042893743963803 0
27 0.5886757595867061 3.085946410935286 0
28 0.3937459646400044 3.116820257316593 0
29 0.1972622342993362 3.135393438152315 0
30 -0.1972622353457016 3.135393438086483 0
31 -0.3937459667742796 3.116820257046971 0
32 -0.5886757629494948 3.0859464102938 0
33 -0.7812823246814908 3.042893742842435 0
34 -0.9708055221073389 2.987832163849779 0
35 -1.156497393532981 2.92097897627504 0
36 -1.337625098172954 2.842598019035958 0
37 -1.513473807442134 2.752998626094094 0
38 -1.683349527111034 2.65253440518015 0
39 -1.846581835287705 2.541601842672225 0
40 -2.002526528473918 2.420638738814108 0
41 -2.150568164208972 2.29012247973339 0
42 -2.290122489466249 2.150568153844529 0
43 -2.420638747139871 2.0025265184098 0
44 -2.541601849518832 1.846581825864159 0
45 -2.652534410848837 1.683349518178614 0
46 -2.752998630567891 1.513473799304327 0
47 -2.842598022572121 1.337625090658225 0
48 -2.920978978849566 1.15649738703047 0
49 -2.98783216564744 0.9708055165747074 0
50 -3.042893743963803 0.7812823203140509 0
51 -3.085946410935286 0.5886757595867061 0
52 -3.116820257316593 0.3937459646400044 0
53 -3.135393438152315 0.1972622342993362 0
54 -3.135393438086483 -0.1972622353457016 0
55 -3.116820257046971 -0.3937459667742796 0
56 -3.0859464102938 -0.5886757629494948 0
57 -3.042893742842435 -0.7812823246814908 0
58 -2.987832163849779 -0.9708055221073389 0
59 -2.92097897627504 -1.156497393532981 0
60 -2.842598019035958 -1.337625098172954 0
61 -2.752998626094094 -1.513473807442134 0
62 -2.65253440518015 -1.683349527111034 0
63 -2.541601842672225 -1.846581835287705 0
64 -2.420638738814108 -2.002526528473918 0
65 -2.29012247973339 -2.150568164208972 0
66 -2.150568153844529 -2.290122489466249 0
67 -2.0025265184098 -2.420638747139871 0
68 -1.846581825864159 -2.541601849518832 0
69 -1.683349518178614 -2.652534410848837 0
70 -1.513473799304327 -2.752998630567891 0
71 -1.337625090658225 -2.842598022572121 0
72 -1.15649738703047 -2.920978978849566 0
73 -0.9708055165747074 -2.98783216564744 0
74 -0.7812823203140509 -3.042893743963803 0
75 -0.5886757595867061 -3.085946410935286 0
76 -0.3937459646400044 -3.116820257316593 0
77 -0.1972622342993362 -3.135393438152315 0
78 0.1972622353457016 -3.135393438086483 0
79 0.3937459667742796 -3.116820257046971 0
80 0.5886757629494948 -3.0859464102938 0
81 0.7812823246814908 -3.042893742842435 0
82 0.9708055221073389 -2.987832163849779 0
83 1.156497393532981 -2.92097897627504 0
84 1.337625098172954 -2.842598019035958 0
85 1.513473807442134 -2.752998626094094 0
86 1.683349527111034 -2.65253440518015 0
87 1.846581835287705 -2.541601842672225 0
88 2.002526528473918 -2.420638738814108 0
89 2.150568164208972 -2.29012247973339 0
90 2.290122489466249 -2.150568153844529 0
91 2.420638747139871 -2.0025265184098 0
92 2.541601849518832 -1.846581825864159 0
93 2.652534410848837 -1.683349518178614 0
94 2.752998630567891 -1.513473799304327 0
95 2.842598022572121 -1.337625090658225 0
96 2.920978978849566 -1.15649738703047 0
97 2.98783216564744 -0.9708055165747074 0
98 3.042893743963803 -0.7812823203140509 0
99 3.085946410935286 -0.5886757595867061 0
100 3.116820257316593 -0.3937459646400044 0
101 3.135393438152315 -0.1972622342993362 0
102 1.84739351886873 2.340103562154801 0
103 -1.817797604331333 -2.338154869946534 0
104 -2.369681737090517 1.807832034047978 0
105 2.354498387268891 -1.821429765348286 0
106 -0.4644733292840159 2.932569178372856 0
107 -2.963624416847987 -0.455430340639378 0
108 0.4768099490891851 -2.940033589002072 0
109 2.932569178372856 0.4644733292840161 0
110 -2.860999586808083 0.8299892936395069 0
111 -0.8281085090230791 -2.861193705511962 0
112 2.871542686622854 -0.8358742570973513 0
113 0.8404965636266543 2.855810580945327 0
114 -2.555519173641407 -1.509927700280198 0
115 1.517602663203193 -2.569759358766826 0
116 -1.50372723650738 2.585941193190848 0
117 2.532147024442164 1.522761883271843 0
118 -2.965776657983611 0.09479993541102311 0
119 -0.09326243909789481 -2.967658939780139 0
120 0.09591476072256823 2.963622792262921 0
121 2.96765893978014 -0.09326243909789478 0
122 -1.963680525505437 2.228306261477517 0
123 -2.24659247052535 -1.964455544926722 0
124 1.980948769200837 -2.235250744948071 0
125 -2.645508877781792 1.347954095404133 0
126 -1.36936465934626 -2.660719329825854 0
127 2.646813715764337 -1.3429162337475 0
128 1.345333211485338 2.646497870551712 0
129 2.233197760328619 1.961386650316854 0
130 -2.776402051633167 -0.9842210340725841 0
131 1.009598971463485 -2.806042657384662 0
132 -0.9987701857696543 2.79217320899229 0
133 2.79359169213153 1.005754899056469 0
134 -2.950078363981254 0.467058193486313 0
135 -0.4644733268369052 -2.932569179762121 0
136 2.932569179762122 -0.4644733268369033 0
137 0.4644733268369052 2.932569179762121 0
138 -2.10939977732297 2.099485510687497 0
139 -1.928077259802995 2.035890514817929 0
140 -1.778075129238354 2.162782729540375 0
141 -1.742196824488749 1.969740765416605 0
142 -1.591461639026364 2.09824299484812 0
143 -1.554947634288892 1.904418628994503 0
144 -1.705774247970196 1.775942994437398 0
145 -1.518249685034553 1.710513180639007 0
146 -1.368515707352698 1.839014155846424 0
147 -1.332072455205399 1.645047437378926 0
148 -1.481789330853881 1.516551088277746 0
149 -1.295655659752586 1.451076637451029 0
150 -1.145877628712083 1.57958465299941 0
151 -1.109476873966849 1.385610907473149 0
152 -1.25926339225267 1.257101239513199 0
153 -1.073078508775928 1.191636719561193 0
154 -0.923291941842913 1.320146390387799 0
155 -0.8868928366471041 1.126172355914459 0
156 -1.036679629897588 0.9976626397805796 0
157 -0.8504936445099363 0.9321983395697174 0
158 -0.7007068939058338 1.060708046998928 0
159 -0.6643076203161524 0.8667340472512248 0
160 -0.8140943854630383 0.7382243368990579 0
161 -0.6279083367495877 0.6727600495521974 0
162 -0.478121575624696 0.8012697590679838 0
163 -0.4417222850283216 0.6072957628174148 0
164 -0.5915090472888199 0.4787860530758138 0
165 -0.4053229935371317 0.4133217667651756 0
166 -0.2555362316012273 0.5418314764379111 0
167 -0.2191369395234741 0.3478574805077633 0
168 -0.3689237015403471 0.2193477708167707 0
169 -0.1827376473727105 0.1538834845920003 0
170 -0.03295088537007139 0.2823931942949097 0
171 0.003448406819251621 0.08841919836864086 0
172 -0.1463383551905934 -0.04009051130011201 0
173 0.03984769900356885 -0.1055547975163686 0
174 0.1896344610184597 0.02295491213322378 0
175 -0.1099390630014931 -0.2340645071738163 0
176 0.07624699119308118 -0.2995287933850482 0
177 -0.07353977081100571 -0.4280385030405655 0
178 0.1126462833863286 -0.4935027892497674 0
179 -0.03714047861713582 -0.6220124988949464 0
180 -0.2233265327909441 -0.5565482126777989 0
181 0.1490455755688798 -0.6874767851165624 0
182 -0.1869272406102898 -0.7505222085311414 0
183 -0.3731132947692015 -0.6850579223157957 0
184 -0.3367140026305763 -0.8790319181815359 0
185 -0.5229000567617115 -0.8135676319371563 0
186 0.2988323375829368 -0.5589670754642426 0
187 0.3352316297655112 -0.7529410713439129 0
188 0.4850183917756776 -0.6244313617064147 0
189 0.5214176839618607 -0.8184053575716956 0
190 0.6712044459600239 -0.6898956479401424 0
191 -0.486500764643829 -1.007541627812277 0
192 -0.6726868187529831 -0.9420773415561882 0
193 0.7076037381479479 -0.8838696437866354 0
194 0.8573905001344382 -0.7553599341477196 0
195 0.5578169761088657 -1.01237935344086 0
196 0.744003030414033 -1.077843639729349 0
197 0.5942162682918704 -1.206353349346254 0
198 -0.6362875266116083 -1.136051337396529 0
199 -0.8224735807252517 -1.070587051176328 0
200 -0.8588728729120206 -0.8766130553208397 0
201 -1.008659634908658 -1.005122764966208 0
202 -1.045058927118073 -0.8111487690831435 0
203 0.8209912079462882 -0.5613859383276654 0
204 1.007177262097997 -0.6268502245345848 0
205 0.9707779699248433 -0.432876228725449 0
206 1.156964024116807 -0.4983405149520876 0
207 1.120564731891231 -0.3043665191096951 0
208 1.306750786132627 -0.369830805354056 0
209 1.270351493871439 -0.175856809481427 0
210 1.193363316368174 -0.692314510917964 0
211 1.456537548085851 -0.2413210957115443 0
212 1.420138255863964 -0.0473470998364302 0
213 -1.194845689137916 -0.9396584787653327 0
214 -1.231244981344082 -0.7456844828571479 0
215 0.7804023226965997 -1.271817635686642 0
216 0.6306155605209526 -1.400327345283156 0
217 -0.7860742885462779 -1.264561046992054 0
218 -0.5998882344983908 -1.330025333199596 0
219 1.23395220165904 0.01811718639844589 0
220 1.383738963686496 0.1466268960741232 0
221 1.197552909448253 0.2120911823212183 0
222 1.34733967150775 0.3406008920090844 0
223 1.161153617244721 0.4060651782629326 0
224 1.310940379316995 0.5345748879685561 0
225 1.124754325045939 0.6000391742152845 0
226 1.274541087111156 0.7285488839292827 0
227 1.088355032848558 0.794013170163396 0
228 1.238141794900745 0.9225228798627186 0
229 1.051955740665076 0.9879871660870004 0
230 1.497126433591887 0.469110601700216 0
231 -1.381031743363985 -0.8741941925392166 0
232 -1.417431035557211 -0.6802201966340872 0
233 1.201742502699181 1.116496875771574 0
234 1.015556448489453 1.181961161989103 0
235 1.606324310049281 -0.1128113860807922 0
236 1.642723602264281 -0.3067853819246846 0
237 -1.344632451170378 -1.068168188459573 0
238 -0.7496749963752269 -1.458535042784183 0
239 -0.563488942340608 -1.523999328962586 0
240 0.8168016148638437 -1.465791631558796 0
241 0.6670148527131975 -1.59430134123422 0
242 1.387928556907015 1.051032589550926 0
243 0.8657696864821093 1.053451452351685 0
244 0.8293703943123109 1.247425448234369 0
245 0.9791571563061838 1.375935157855585 0
246 0.7929711021362884 1.441399444083651 0
247 0.6431843401552806 1.312889734480278 0
248 0.6067850479935289 1.50686373030851 0
249 -1.267644273557645 -0.5517104869663998 0
250 -1.45383032775387 -0.4862462007412636 0
251 -1.603617089767948 -0.6147559104099543 0
252 -1.640016381958303 -0.4207819145196943 0
253 -1.490229619944842 -0.2922722048732248 0
254 -1.676415674122381 -0.2268079186436263 0
255 -0.7132757042001433 -1.652509038539554 0
256 -0.5270896501905471 -1.717973324707007 0
257 0.7565718099677468 1.635373439911629 0
258 0.5703857558561125 1.700837726120698 0
259 0.4205989938592579 1.572328016542326 0
260 0.3841997017630862 1.766302012343945 0
261 1.792510364211827 -0.1782756723038743 0
262 1.828909656389445 -0.3722496681096375 0
263 0.2344129397207377 1.637792302794311 0
264 0.1980136476199983 1.831766298625329 0
265 -1.526628912119683 -0.09829820901743581 0
266 -1.712814966274203 -0.03283392278431851 0
267 -1.789803143975886 -0.5492916241759406 0
268 0.8532009070071704 -1.659765627472771 0
269 1.002987669156461 -1.531255917821463 0
270 0.7034141449059279 -1.78827533720576 0
271 0.04822688556550915 1.703256589040564 0
272 0.01182759341840212 1.897230584919869 0
273 0.5172280905832033 -1.722811050958957 0
274 -1.56302820428613 0.09567578682388928 0
275 -1.749214258435881 0.1611400730403399 0
276 -1.899001020397112 0.03263036344740139 0
277 -1.935400312545178 0.2266043592505154 0
278 -1.785613550599654 0.3551140688230909 0
279 0.7201725178242788 1.829347435716769 0
280 0.5536273827924787 -1.916785046936391 0
281 -1.971799604691037 0.4205783550306821 0
282 -0.6768764120535727 -1.846483034228185 0
283 -0.4906903582202489 -1.911947320625235 0
284 -0.8630624660452796 -1.781018748095268 0
285 1.978696418329942 -0.2437399585248314 0
286 1.942297126160087 -0.04976596270248446 0
287 2.015095710455036 -0.4377139543006339 0
288 1.865308948560337 -0.5662236638583499 0
289 1.039386961285405 -1.725229913686543 0
290 1.189173723334938 -1.596720204050502 0
291 0.161614355517287 2.025740294484124 0
292 -0.02457169871891679 2.091204580820923 0
293 -0.1743584608118561 1.96269487120603 0
294 -0.3773028883471246 -1.589463615304658 0
295 0.08462617770968298 1.509282593180406 0
296 -1.822012842771173 0.5490880645869366 0
297 -2.008198896883792 0.6145523507693195 0
298 -1.376842150121968 0.03021150060800643 0
299 0.9749675629904406 0.4715294645230919 0
300 2.051495002571053 -0.6316879500209358 0
301 1.901708240722473 -0.7601976595244992 0
302 -2.085187074500643 0.09809464968227756 0
303 -0.8266631739099567 -1.974992743718805 0
304 -1.012849227877175 -1.9095284576131 0
305 0.7398134371086243 -1.982249333170262 0
306 0.9063585719014738 1.763883149505293 0
307 -0.1505279485608705 -0.9444962044374047 0
308 1.35152926471316 1.245006585442349 0
309 1.537715318936282 1.179542299219405 0
310 1.501316026737773 1.373516295108008 0
311 1.687502080966122 1.308052008893908 0
312 1.723901373197322 1.114078012958468 0
313 -0.29612511718733 -0.1686002209517334 0
314 -1.530818505404756 -1.002703902221163 0
315 -1.494419213231017 -1.196677898158505 0
316 -1.680605267463689 -1.131213611911188 0
317 -1.644205975292615 -1.325187607855188 0
318 -1.85841213492835 0.7430620603298045 0
319 0.4444295061737509 -1.334863059063478 0
320 -0.1015598764608684 1.574746879426385 0
321 -0.8952721651370835 -0.6826390594332236 0
322 0.3674413284704743 -1.851320760689748 0
323 0.4038406206878616 -2.045294756665313 0
324 -1.635826788667785 0.4836237784154716 0
325 1.047766147417664 0.08358147262648218 0
326 -0.2107577529618365 2.156668867165777 0
327 -0.3605445150862895 2.02815915751192 0
328 0.8699592797820634 1.957857145244398 0
329 1.056145333805681 1.892392859056477 0
330 1.225573015495919 -1.7906941998805 0
331 1.375359777451677 -1.662184490220438 0
332 1.338960485300281 -1.468210494470315 0
333 1.525146539340232 -1.533674780619188 0
334 2.128483180318465 -0.1152302489402596 0
335 2.092083888147706 0.07874374693339799 0
336 1.651102788634574 1.502026004841174 0
337 -2.044598189019187 0.808526346493172 0
338 -0.3969438072315588 2.222133153507623 0
339 -0.5467305694047919 2.093623443814043 0
340 0.1252150635168279 2.219714290254981 0
341 -2.15798565888878 0.4860426412041754 0
342 -1.830392029529338 -1.259723321606782 0
343 2.087894294692802 -0.8256619456865437 0
344 1.8736881353001 1.242587722704379 0
345 1.910087427517456 1.048613726678876 0
346 2.201281764520202 -0.5031782405197451 0
347 -1.894811427127004 0.9370360560156786 0
348 1.938107532873648 -0.9541716551980161 0
349 -0.06516058430670357 1.380772883557114 0
350 0.7845919157604563 -0.3674119424750537 0
351 0.2176545663900569 -1.979830470413608 0
352 0.2540538585905263 -2.173804466396954 0
353 0.4402399129066435 -2.239268752652618 0
354 -0.5103312771677958 1.89964944783211 0
355 2.27826994236825 0.01327946066450797 0
356 2.241870650215608 0.2072534565911711 0
357 -0.2471570451051308 2.350642863113521 0
358 -1.793992737310656 -1.453697317543258 0
359 -1.607806683110842 -1.519161603771414 0
360 -2.080997481087977 1.002500342197051 0
361 1.411759069671565 -1.856158486041927 0
362 1.261972307682472 -1.984668195754984 0
363 -0.9764499357111343 -2.103502453182108 0
364 -0.7902638818047795 -2.168966739315157 0
365 -1.162635989933728 -2.038038167194836 0
366 0.2904531507997086 -2.367778462372549 0
367 0.104267096515693 -2.302314176122307 0
368 -0.583129861543237 2.287597439863299 0
369 -0.7329166237470102 2.159087730145178 0
370 1.01974604167295 2.086366854762337 0
371 0.8335599876832203 2.15183114094365 0
372 1.205932095657245 2.020902568586209 0
373 -1.931210719261351 1.131010051694051 0
374 -1.049248520225508 -1.715554462045926 0
375 1.48874724719965 -1.339700784938311 0
376 1.674933301186356 -1.405165071114385 0
377 1.711332593342862 -1.599139066721 0
378 1.861119355192001 -1.470629357026759 0
379 1.751921478832457 -0.8887073691221202 0
380 -1.70862537317035 0.8715717699469168 0
381 1.302561193178521 -1.274236498729299 0
382 -0.2513466384919698 1.446237169803056 0
383 -2.048787782365292 -0.09587934612340092 0
384 -2.23497383648012 -0.03041505989470366 0
385 -2.198574544342387 -0.2243890557379485 0
386 -2.384760598497333 -0.1589247694879433 0
387 -2.348361306354533 -0.3528987653937585 0
388 -2.421159890639059 0.03504922634948138 0
389 0.1210254698654395 1.315308597313194 0
390 -0.0287612921504289 1.186798887687329 0
391 0.1574247620391153 1.121334601443007 0
392 -1.866791321744135 -1.065749325652678 0
393 -2.016578083827301 -1.194259035360776 0
394 -2.052977376060552 -1.000285039368077 0
395 0.1812552741820263 -1.785856474454401 0
396 2.055684595946798 0.272717742872993 0
397 2.205471358050338 0.4012274525718011 0
398 2.019285303756403 0.4666917388320748 0
399 2.169072065916323 0.5952014485305805 0
400 -1.757593445065783 -1.647671313430243 0
401 2.124293586813727 -1.019635941328653 0
402 2.059874189625149 1.177123436441784 0
403 2.023474897407309 1.371097432502498 0
404 -2.230784243177149 0.8739906325736815 0
405 2.428056704449851 0.1417891703011554 0
406 -2.117396773191199 1.196474337870043 0
407 2.355258120210063 0.5297371622844504 0
408 2.318858828027492 0.7237111583458321 0
409 2.464455996588862 -0.05218482560549118 0
410 2.274080348589561 -0.891126231859702 0
411 -2.202764138170816 -1.128794749111745 0
412 -2.239163430376443 -0.9348207531134275 0
413 -0.9400506435847096 -2.297476448740795 0
414 -0.7538645898045236 -2.362940734899119 0
415 0.4766392051246756 -2.433242748668974 0
416 1.448158361924374 -2.050132481937069 0
417 -1.943779499257061 -1.582207027313137 0
418 0.9833467495293731 2.280340850429387 0
419 0.7971606955750904 2.345805136604215 0
420 0.1406663887064367 -2.496288172044143 0
421 -0.04551966552765914 -2.430823885788417 0
422 -1.967567646683968 1.325104983539992 0
423 -1.571407390940407 -1.713135599608465 0
424 -0.0819189577111266 -2.236849889853442 0
425 1.242331387884268 1.826928572905078 0
426 1.392118149673315 1.95543828244289 0
427 -0.2317057196946739 -2.365359599558279 0
428 0.6473739337099891 2.217295427143544 0
429 0.6109746416020471 2.411269422815988 0
430 0.007638000020593269 0.9928248918111932 0
431 0.1938240542140407 0.9273606055610699 0
432 -1.308233159047136 -1.262142184419949 0
433 1.760300665382053 0.9201040170178166 0
434 -1.721194152820015 -1.841645309198792 0
435 1.298371599899705 -2.178642191702541 0
436 1.355718857505188 2.149412278074155 0
437 1.897518647273367 -1.664603352761571 0
438 -0.7693159158960634 2.353061726236869 0
439 -0.919102678100284 2.224552016497952 0
440 -0.8827033859446757 2.030578020418979 0
441 2.505044882428753 0.6582468720409793 0
442 2.047305409060967 -1.536093643122214 0
443 -2.153935430553277 1.390052041309429 0
444 -2.570946652647131 -0.09346048323591248 0
445 -0.6195291536668441 2.481571435972485 0
446 -0.1953064275277092 -2.559333595371897 0
447 2.310479640680818 -1.085100227418325 0
448 0.946947457425259 2.474314846042024 0
449 2.614221089560543 0.07635014083061169 0
450 -2.388950192533944 -1.063330462849871 0
451 -2.425349484674795 -0.869356466858432 0
452 -2.006002670146563 1.519531832584874 0
453 -1.068889462262502 2.096042302609756 0
454 -1.10528873613233 2.290016302158154 0
455 -1.781374829822635 1.259661201641451 0
456 -1.535008098594913 -1.907109595256589 0
457 -0.3814924817434854 -2.493869308855145 0
458 1.452347955107325 -1.14572678905516 0
459 1.266161901050523 -1.080262502989879 0
460 -1.421620628999299 -1.584625890007631 0
461 0.03146851213540586 -1.914366184147902 0
462 -0.1785480541665353 1.058289178001304 0
463 -0.9358610504725013 -1.393070756650316 0
464 0.4486190995936978 -0.4304573658332817 0
465 0.04403729220871922 0.7988508958922852 0
466 0.230223346382183 0.73338660966479 0
467 0.3800101084204894 0.8618963193184858 0
468 0.4164094005987437 0.6679223234091857 0
469 1.315129972532958 1.438980581307876 0
470 0.1854448676458971 -0.8814507809718295 0
471 -2.166364845912563 -1.322768745201309 0
472 -1.413241442295657 0.2241854964625253 0
473 -1.227055388116376 0.1587212102398649 0
474 -1.190656095939968 -0.03525278561908254 0
475 -1.040869333929549 0.09325692401439546 0
476 -1.004470041748485 -0.1007170718565197 0
477 -1.263454680335897 0.3526952060884647 0
478 -0.8546832797384246 0.02779263777015134 0
479 -0.8182839875546424 -0.1661813580998178 0
480 -2.089376668204197 -0.8063110433937544 0
481 -0.4095125869711927 -0.4910839264504907 0
482 1.59794512382752 -1.921622772159526 0
483 0.2666226385591539 0.5394126137505877 0
484 0.452808692779325 0.4739483274909993 0
485 -0.6040778280539008 -2.234431025797213 0
486 -0.9680707495704282 -0.2946910677231103 0
487 -0.00493078004908098 -1.720392188223481 0
488 0.1448559819647028 -1.591882478541121 0
489 -0.6684972255444727 -0.03767164847855634 0
490 2.577839855065767 0.2703030894371915 0
491 0.5661961626036028 0.7964320330689535 0
492 -0.8910825719308917 0.2217666336280252 0
493 -0.781884695373504 -0.3601553539762393 0
494 0.6264259672618726 -2.304733038897552 0
495 0.6628252595005211 -2.498707034979295 0
496 0.8126120216069995 -2.370197325135186 0
497 1.415948662832368 -0.9517527930743997 0
498 -2.162175252209708 -0.4183630516126861 0
499 1.112185545617516 -2.113177905476406 0
500 1.869498541704536 0.3381820291269816 0
501 1.148584837812379 -2.307151901489162 0
502 -0.0413300722274329 -1.526418192277894 0
503 0.1084566897852776 -1.397908482623868 0
504 -0.07772936441921481 -1.332444196385733 0
505 1.833099249506857 0.532156025100825 0
506 -2.606575659112526 0.1006580569790703 0
507 -2.457430801852784 0.2290473128677125 0
508 2.460266402435625 -0.9565905180169986 0
509 2.423867110362668 -0.7626165224404602 0
510 2.209660951788219 1.305633146240146 0
511 2.173261659516217 1.499607142305442 0
512 1.987075605050701 1.565071428425791 0
513 2.246060244009227 1.111659150174008 0
514 1.541523167009325 2.082862277850531 0
515 1.578240579583382 1.889793043985557 0
516 1.727634992922787 2.017186880671331 0
517 2.466844963396668 0.8518829797156177 0
518 -0.9053270340602437 -2.489497322869678 0
519 1.508429473828957 2.286489163226479 0
520 -0.7187884661480659 -2.552839210654383 0
521 1.630002708161137 -2.116172353680893 0
522 -2.299954998541455 1.262557697274592 0
523 -2.335921574826332 1.447788865292844 0
524 2.647047952615643 -0.1182498126832157 0
525 2.500256272397114 -0.2462589382384243 0
526 1.779753965427708 -1.985801520453585 0
527 -1.084845655814808 -2.424671527199206 0
528 2.387988051703359 1.238694124291872 0
529 -1.255096639562058 2.161522168816839 0
530 2.160692878892138 -1.213609937199157 0
531 1.824720063152166 -1.276655360953457 0
532 -0.2681050119780138 -2.171385603434666 0
533 0.07205739761117835 -1.203934486643708 0
534 1.764403658485926 1.824263413964067 0
535 1.116375139113268 -1.208772212502981 0
536 1.079975846787208 -1.014798216560162 0
537 0.4611878797024962 2.282759713336385 0
538 0.4247885876026763 2.476733709046401 0
539 0.5734600319443071 2.597720069353549 0
540 -1.032490174102584 1.90206830576303 0
541 -0.8463040980268285 1.836604023615917 0
542 -0.2877459306734017 1.640211165679853 0
543 -0.437532692691278 1.511701456054944 0
544 -0.4011334005320386 1.317727460153709 0
545 -0.5873194547452022 1.383191746399097 0
546 -0.6237187469145095 1.577165742283047 0
547 0.3030219307841169 0.345438617784748 0
548 0.4892079849789715 0.2799743315416107 0
549 0.4975871717559406 2.088785717626744 0
550 0.5297968703860649 0.9904060289784636 0
551 0.307211524046798 1.249844311075335 0
552 -1.753403851800773 -0.7432656200844668 0
553 -2.311962014347944 -0.5468727612662341 0
554 -2.508539741801503 -0.4843346157890738 0
555 -0.1547175421090928 -1.848901897821281 0
556 0.638994747011308 0.4084840412384488 0
557 0.6753940391513804 0.2145100452736308 0
558 0.52560727715653 0.08600033560023267 0
559 0.7117933313452586 0.02053604932291875 0
560 0.5620065693710584 -0.1079736603250977 0
561 1.946486719644423 0.8546397306981648 0
562 -2.639203053326951 0.2922395290355233 0
563 -2.493180047523055 0.4226265697580711 0
564 -1.684333935791272 -2.034308395051812 0
565 -1.498531985680829 -2.100865105862765 0
566 -1.868544032686223 -1.968292346174918 0
567 1.130972478497914 2.402704396664769 0
568 2.761719851194454 0.1992308280216077 0
569 2.339209144888826 -1.280513462325486 0
570 -1.045331080559929 -2.61392655433328 0
571 -0.8095752963747693 2.539008972951096 0
572 -0.6800644047511434 2.696518370662744 0
573 -0.4756349492661078 2.608258484812027 0
574 1.90965416326475 1.951911721177058 0
575 0.5115661526272907 -2.621708148318769 0
576 0.7018158973605895 -2.703997252281939 0
577 -2.073163954760361 1.90219357532425 0
578 0.3932761433916637 2.657157603088275 0
579 0.2394170082381246 2.539939645047308 0
580 -1.286645244783936 2.351541229028656 0
581 -1.140397085231869 2.482514775988438 0
582 2.676127597453835 -0.3078931935742049 0
583 2.535335787020474 -0.4395278510256975 0
584 -1.62715355786772 2.288169972088246 0
585 2.072653921451004 -1.732141321728769 0
586 2.119586619112661 1.692236130281821 0
587 2.246264134218165 -1.63625408946695 0
588 1.109987397799518 2.606588341706716 0
589 2.682171343460981 0.8115636205252201 0
590 2.738576441576367 0.5900805402573418 0
591 -2.666705079668528 0.4839022113439988 0
592 -2.527988120948223 0.6161495567068545 0
593 -0.361224660174254 -2.721459095182552 0
594 2.3189321575472 1.640286336170144 0
595 0.205869836576009 2.750066857299329 0
596 0.05241647952140108 2.60766228152022 0
597 1.336729401950947 -2.356746828356492 0
598 1.205009478353416 -2.516794253042097 0
599 -2.794833437557364 -0.02249591107595632 0
600 -2.720733414669379 -0.2219701928411712 0
601 2.595617252541439 -0.8288358146136292 0
602 2.639811562826045 -1.006789876240969 0
603 -2.913760378514672 -0.1693081259304886 0
604 -0.1559811178525544 -2.757871884951534 0
605 2.742720781806029 -0.5057001523415703 0
606 -2.575136246963149 -0.9978661765867852 0
607 -2.616173954711703 -0.809244097726273 0
608 -2.534416435784991 -1.199226726348495 0
609 -2.827205426628861 -0.7924114571740724 0
610 -2.704258886856835 -0.6250626637359602 0
611 2.8480127252629 0.727481445564936 0
612 1.871768963111604 2.142780650727988 0
613 -1.651114231721221 -2.224702801457914 0
614 -1.463989598257366 -2.29264448880164 0
615 -1.633307725922562 -2.446761912885223 0
616 -1.894647509175666 1.841242566622074 0
617 -2.038033472874391 1.70548084266385 0
618 2.074435163299441 2.091318704801983 0
619 0.8980459306016116 2.667207141428838 0
620 -2.721323492476264 0.688624465598083 0
621 -2.559162977072078 0.813340166634053 0
622 -1.436858706417541 2.221367015154642 0
623 -1.854947717150337 1.646415313508227 0
624 -1.818198531253156 1.453469860302812 0
625 -1.404259443486352 2.032016255963725 0
626 -1.445439519733102 1.322567865042576 0
627 -1.409049629939767 1.128591692870714 0
628 -1.631638982515093 1.388031559723254 0
629 -1.182287192652274 1.773556906482016 0
630 -1.312706629307444 -2.166109279677312 0
631 -1.271604241402957 -2.35727677357725 0
632 2.197092170684277 -1.407583934119014 0
633 2.383470372836103 -1.478404784336285 0
634 1.78832077102199 -1.082681365075252 0
635 -0.5312792435179766 -2.622379018728227 0
636 -2.378910383801361 0.7457431397854735 0
637 -2.41542784664864 0.9398977810063052 0
638 -2.608429404064333 1.024841925651823 0
639 -2.440758463208272 1.139166169559209 0
640 -0.9596912684766311 1.51412038781034 0
641 2.350648891518851 -0.3745843894261674 0
642 -1.218589769903078 1.967370015913631 0
643 0.2946427440758068 -1.463372768795222 0
644 -0.1141286565033467 -1.138470200382388 0
645 -0.2639154185381543 -1.266979910044189 0
646 -2.307621286079528 0.3574751720985197 0
647 -0.1183182499344715 -2.042875893883586 0
648 1.317285669397806 2.337643612571042 0
649 1.462263868098663 2.472324060699893 0
650 -1.385221336744891 -1.7785998857577 0
651 -1.235434574544141 -1.650090176029622 0
652 -1.271833866792717 -1.456116180238626 0
653 -0.5509201574646057 1.189217751505357 0
654 -0.7735054818930994 1.448656038567425 0
655 -2.264219967642449 1.069097826746814 0
656 -2.194108180794061 0.6800603396964076 0
657 -0.3045043041873582 -1.977411607140502 0
658 1.169532803464888 2.214876564306888 0
659 -0.4178917739095808 -2.299895313079108 0
660 1.464916734328212 1.567490291013473 0
661 -1.12471551595913 -2.231179108261917 0
662 2.517060662328825 -1.172906965352505 0
663 2.010906117102003 -1.342119647005025 0
664 1.974506824993651 -1.148145651082006 0
665 0.7481926235575621 -0.1734379465862764 0
666 -1.222865036880967 1.063127065486007 0
667 -1.186466358131251 0.8691529382738734 0
668 -1.372652036767888 0.9346173096882965 0
669 -1.336253154056428 0.7406432222107139 0
670 -1.150067168093544 0.6751789207906884 0
671 1.679122894485808 -0.5007593777059826 0
672 1.492936840351869 -0.435295091554236 0
673 1.529336132574386 -0.629269087370513 0
674 1.343150078304963 -0.5638048012163689 0
675 1.37954937039323 -0.7577787971636193 0
676 1.565735424556719 -0.823243083236747 0
677 0.06786780433101398 -2.108340180136299 0
678 -1.34885655370708 -1.972464367558588 0
679 2.570653009229562 -0.6331226736165281 0
680 -1.905427272748894 -1.775580322480801 0
681 -2.085219873202135 -1.706086822611411 0
682 -2.128574488905215 -1.515971088817022 0
683 -2.259208805896875 -1.664940118457839 0
684 -2.345061453529636 -1.47197977341509 0
685 1.278730680216954 1.632954577157183 0
686 1.128943918261708 1.50444486751235 0
687 2.314499459264201 -0.1806971977157778 0
688 -0.6965173322333206 1.96511373398984 0
689 0.942757864088308 1.569909153704597 0
690 1.165343210500441 1.310470871646473 0
691 1.043576554443022 -0.8208242205648171 0
692 -2.121561177550958 0.2920590188665855 0
693 -2.271322344517182 0.1635517199949788 0
694 0.8937897924881166 -0.9493339301839353 0
695 2.164784237401116 -0.3091906649045691 0
696 -1.158446396944497 -1.133632474669558 0
697 -1.122047104695808 -1.327606470512875 0
698 -1.826202436098084 -0.3553176282590479 0
699 -0.737106127749793 1.254682054962177 0
700 -0.5145208619825025 0.9952437562015595 0
701 -0.3283348143620896 0.9297794686586776 0
702 0.9301890848459493 -1.143307926167608 0
703 0.7572388870821009 2.534781532860698 0
704 -0.1911168342381827 -1.654927901724245 0
705 1.561545831529531 -1.727648776338151 0
706 -0.9722603427154991 -1.19909676082789 0
707 -1.081458219355164 -0.6171747732010882 0
708 -0.3325244093639781 0.02537377492250109 0
709 -0.000741186497947453 -0.8159864947314172 0
710 -1.558838154654388 1.000081582854743 0
711 1.638534009135926 -1.211191074972811 0
712 0.938568270799867 0.6655034604720708 0
713 1.424327849146155 0.8570585936507303 0
714 0.9021689786474626 0.8594774564237425 0
715 -0.5551097555991178 0.2848120570597225 0
716 1.011366855252441 0.2775554685930112 0
717 0.3114011176878317 2.154250003876354 0
718 -0.008455439650616722 -2.625054442894446 0
719 0.1773537672461265 -2.689800773816739 0
720 -1.085647812494718 -1.521580466321267 0
721 0.2624330453926115 -0.3649930796084704 0
722 -0.7776951000279326 0.5442503395891322 0
723 -0.9638811474742213 0.6097146272671984 0
724 1.460727141311597 0.6630845976724863 0
725 -1.304043565762602 -0.3577364910999299 0
726 -0.6320979333674941 -0.2316456443472504 0
727 -0.5956986411649416 -0.4256196402055771 0
728 2.237681056498888 -0.6971522362168564 0
729 -1.449640734545045 0.4181594922684411 0
730 -0.8994617583022295 -1.587044752406086 0
731 2.096273481777585 0.9831494404358462 0
732 -0.0693501775828739 0.4763671901839419 0
733 -0.105749469774903 0.6703411861480427 0
734 -1.979946947457022 -1.38810442264038 0
735 -2.343298946339167 0.5513495698749168 0
736 0.4808287983980737 -1.528837054990083 0
737 0.258243451836409 -1.269398772869965 0
738 0.4080302139695239 -1.140889063152501 0
739 0.2218441597677084 -1.075424776879208 0
740 0.3266550665977828 -2.560757459928425 0
741 0.3436108162367896 1.055870315205077 0
742 0.6025954548104924 0.6024580371537643 0
743 -0.2149473463398448 1.252263173903287 0
744 0.2708122318610626 1.443818306930828 0
745 -0.2597258249929358 -0.3625742168113304 0
746 1.932034721023955 -1.856751651688094 0
747 2.09463348119859 -1.925824899729235 0
748 0.8896001992026924 -1.853739623408307 0
749 -1.000280388928263 0.8036886337635191 0
750 0.3310420362790479 -1.657346764738255 0
751 1.092544626026398 1.69841886330683 0
752 0.6348051537788491 -0.4959216520933286 0
753 -1.077268626133612 0.2872309198360719 0
754 1.084165439657866 -0.1103925232497194 0
755 -1.862601728249455 -0.1613436323765422 0
756 -1.340442857941222 -0.1637624952452483 0
757 -0.364734105807936 1.123753464737316 0
758 0.4569982860153284 1.378354020699926 0
759 0.5984058615787913 -0.3019476562162486 0
760 -0.2919355230585112 0.7358054725533593 0
761 -0.0609709907507984 2.285178576664364 0
762 -1.458019921078937 -1.390651894075218 0
763 -0.1379591686450465 1.768720875309482 0
764 1.71552218670061 -0.6947333733729681 0
765 -0.7090861109409348 -0.7481033456888854 0
766 1.837288842998212 1.436561718644125 0
767 1.533525725732821 0.275136605741685 0
768 -0.4459118791738625 -0.2971099305842753 0
769 -1.903190613928979 -0.8717753297076346 0
770 -1.599427496471692 0.2896497826389596 0
771 1.90589783396518 0.1442080331838234 0
772 0.2260337531956308 -0.1710190837463967 0
773 1.485802634920407 -2.234718936269471 0
774 1.658068905378753 -2.294412058918252 0
775 -1.567217797575164 -0.8087299063094543 0
776 0.1532351688279387 0.2169289080323409 0
777 -0.4343251923414949 2.415803372730402 0
778 1.569925017860753 0.08116260979510634 0
779 1.747731885543328 -1.79311306226683 0
780 0.6837732257546311 2.023321431422615 0
781 0.3716309218698944 -0.946915067226668 0
782 -1.154256803758268 -0.2292267814698237 0
783 0.8484745645670497 -2.556292655044951 0
784 -0.3241452228764209 1.83418516157527 0
785 0.4122198073811215 -0.2364833699744597 0
786 -1.939589906008262 -0.6778013337773291 0
787 -0.4823111713610737 -0.1031359347257394 0
788 -2.352550900283062 -1.25730445887431 0
789 2.386577936525107 -0.5683636522075757 0
790 -0.9558362262039042 2.417442015577639 0
791 -0.5592993489624198 -0.6195936360643667 0
792 1.152774431243681 -1.402746208254082 0
793 -1.672226080910166 0.6775977741568981 0
794 2.356368088334664 1.430907792404507 0
795 -0.6404771200931102 -2.040457029972983 0
796 0.4933975781760428 1.184380024862279 0
797 -1.117857511574239 -0.4232007773281856 0
798 -0.8099047484483687 1.642630040862004 0
799 1.229762608721985 -0.8862885069928498 0
800 -1.717004559632153 -0.9372396160052223 0
801 -0.5187104635254083 0.09083806115721266 0
802 0.2751375714139717 2.347847607934551 0
803 2.391656810420525 0.3357638678645606 0
804 0.9343786777238243 -0.2389022328629277 0
805 0.5900266750072241 -2.110759042922281 0
806 0.5339864637786691 1.894811721871537 0
807 -0.1421487615221211 0.8643151821774769 0
808 -0.4501014725841053 -1.201515623672416 0
809 -1.199041033838754 -1.844045919366629 0
810 0.3672536452107348 -2.781306537481952 0
811 0.1948664564001853 -2.851925523396393 0
812 -0.9316714573702459 -0.4886650635596194 0
813 -0.4739319849053712 1.705675451923006 0
814 2.549334389742011 0.4638233535823658 0
815 0.6795836323423496 1.1189157386083 0
816 0.08043658439951248 0.6048768999573317 0
817 -0.7454854031622777 -0.5541293498051439 0
818 -0.7048965177434606 0.1563023473485776 0
819 0.3758205151818951 -0.04250937408904568 0
820 -1.486040008329283 0.612133492120242 0
821 -2.012388490217991 -0.2898533420065786 0
822 1.574114611132529 0.9855683033169839 0
823 1.075786253440493 -1.919203909587264 0
824 -2.53627930607691 -0.2879221692286745 0
825 0.3394212229913186 0.1514646218338517 0
826 0.7762127293330743 -2.176223329105044 0
827 1.800875117236238 1.630494665136685 0
828 -0.3003147105853216 -1.07300591410537 0
829 1.756111072006591 0.01569832354733124 0
830 0.1168358766038606 0.4109029040514353 0
831 -0.7412958094559137 0.3502763433547588 0
832 0.3478004096871355 1.960276008138006 0
833 0.7159829245300954 0.9249417427155348 0
834 -0.996092518403128 1.708094052922119 0
835 0.8979793855102446 -0.0449282369788095 0
836 -0.9274818622277115 0.4157406298822643 0
837 -1.299853943950649 0.5466692081828247 0
838 -0.2847021122477279 2.544262452833887 0
839 -0.3352336615538588 2.767542780365472 0
840 -0.1369311292187658 2.676686208993511 0
841 -0.16534098016508 2.841479643840254 0
842 -0.09808817101085796 2.47968677819523 0
843 -1.113667904702606 0.4812049186745854 0
844 1.610513903301938 0.7915943073426942 0
845 1.796699957445258 0.7261300210373856 0
846 -0.660118031282699 1.771139740084321 0
847 1.982886011686191 0.6606657347699535 0
848 1.428506837922449 1.761434128052692 0
849 1.602134716914464 -1.017217079089415 0
850 0.7523822167048252 0.7309677467880066 0
851 0.8615800932885431 0.1490457589641518 0
852 0.9259994913589539 -2.047713619316846 0
853 -1.975989198072658 -0.4838273378979447 0
854 0.9665883770481163 -1.337281921995855 0
855 2.743653629993799 0.381297146546074 0
856 0.7887815088952008 0.5369937508538432 0
857 0.8251808010982189 0.3430197549076963 0
858 1.719711779806576 0.2096723194425756 0
859 0.0356581055771032 -1.009960490674326 0
860 -2.27556272236821 -0.7408467571513633 0
861 -1.522439251884864 0.8061074987806734 0
862 0.9623987836310532 -2.241687615243431 0
863 1.942477278366676 1.757738237095269 0
864 -2.685773283958283 -0.4116055213907106 0
865 -0.413702180487282 -1.395489619478375 0
866 2.132672773847888 0.7891754444206905 0
867 -0.2275161263762318 -1.460953905869182 0
868 1.683312487613366 0.4036463153971043 0
869 1.614674286031797 1.695916924498941 0
870 1.002969524058299 -2.434333810684818 0
871 -2.125775960201829 -0.6123370475165518 0
872 -2.473641134126831 -0.6792862270878893 0
873 1.646913195461817 0.5976203113751184 0
874 2.428835741116915 1.045554871645811 0
875 2.555301449243673 1.194559539824673 0
876 -0.3409035962154257 -1.783437611220488 0
877 2.281591005362629 0.9175221741229677 0
878 -1.745016401248244 1.065569356272609 0
879 0.08881577173587382 2.413688286045879 0
880 -1.595226252985538 1.194083876400891 0
881 -0.4542910660737021 -2.10592131667495 0
882 -0.5678990638629222 -2.427725768668866 0
883 2.798247453057348 0.008849010209367776 0
884 -1.668433082462869 1.581820666148074 0
885 2.951082399953259 0.101991895528784 0
886 -2.183093848873174 1.571750390541227 0
887 0.03193028440416319 -2.81343574240816 0
888 -2.793058635976631 0.1745054052302068 0
889 -1.817195670940915 2.35171481118693 0
890 -0.275468190144772 -2.914490302047343 0
891 1.695376305857676 2.222476214065923 0
892 0.007617253121325776 2.798440262406745 0
893 0.2898111484482876 2.952189418709751 0
894 -1.834318791581024 -2.153521579322041 0
895 -2.004636970646107 -2.110340474417774 0
896 -0.9905700645709525 2.601447265289792 0
897 -1.188163232566707 2.697840513682361 0
898 -1.324603057631874 2.534627327373413 0
899 -2.067994887025244 -1.918348208730783 0
900 2.611659431204811 1.005890905473454 0
901 -0.6813137123075587 -2.738297142809298 0
902 -2.49330411197905 1.691689909800627 0
903 2.457357488657894 -1.663902590406707 0
904 -2.356330825578715 -1.827966824415823 0
905 -2.451709417749834 -1.667457629827948 0
906 2.563370146479911 -1.505870144571515 0
907 2.367848135915757 1.826171711133346 0
908 -2.526436704989532 1.517008634590203 0
909 -2.731002783569526 -1.180626109263728 0
910 -2.652225036738907 -1.350741175030721 0
911 1.183793889848089 -2.726047312580477 0
912 1.3532949391868 -2.655990855591022 0
913 0.653471493494399 -2.903923049597784 0
914 0.8316413055480407 -2.862528140706259 0
915 -0.6439163664650602 2.898767013542141 0
916 -0.8228632994692149 2.853229729294082 0
917 1.664957598632537 2.455389577939116 0
918 -2.734644690481533 1.180813286170033 0
919 2.655990855608889 1.353294939216296 0
920 -2.804660408408318 1.009739875675342 0
921 -2.912331469510903 0.6498904119066234 0
922 2.909098786786634 -0.6502606182349459 0
923 -1.010803070894171 -2.800016711495178 0
924 0.6551290389680152 2.900841727146997 0
925 -2.966069857318397 0.2800769652840724 0
926 2.967658939779648 -0.2805263624204798 0
927 -1.433848881940357 -2.479661980307738 0
928 1.962372656147341 -2.046432494813343 0
929 2.731205115273419 -1.171997735085511 0
930 -0.8649453121655079 -2.675961774612297 0
931 -1.655653829830525 2.469279147703494 0
932 1.020650850487475 -2.625804046866631 0
933 -1.187603183312729 -2.734370519986377 0
934 -0.6443783619901767 -2.907276589741136 0
935 2.815015304470484 -0.1902181477860191 0
936 1.027643315933081 2.798067931713261 0
937 -2.469038174039861 1.328633546943285 0
938 0.7105620250536956 2.721969819681879 0
939 -2.245266284982031 1.950424690646668 0
940 -2.90313115960645 -0.6254341386774412 0
941 2.736697814280173 -0.7263377619024962 0
942 1.836669301533729 -2.354416257991709 0
943 1.80796938430825 -2.172080905134308 0
944 1.195417280581327 2.762946229078675 0
945 2.073268507049779 1.882452063586193 0
946 0.5297502223015815 2.770820397749674 0
947 2.819967749299626 -1.015250857483397 0
948 -2.804643701528748 0.3735824571991994 0
949 1.670992576222183 -2.476650132658273 0
950 2.74121942272185 1.183281887936581 0
951 0.07706047937973332 -2.988302889609711 0
952 -1.214271838045685 -2.547661381112721 0
953 2.482612713151499 1.703830258594815 0
954 2.123480499624558 -2.107104891604761 0
955 -0.2852525861238602 2.969827990350939 0
956 -1.472440272173162 2.408487647423216 0
957 -0.5182734151213151 2.775274856150369 0
958 -2.487777217062372 -1.357438574702208 0
959 -1.961969607762558 -2.262555632058493 0
960 2.929256631937504 0.2925825683768898 0
961 -2.84792056891628 -0.3420782217487344 0
962 1.273168525055848 2.493151656438827 0
963 -0.8603686501871469 2.696475509438001 0
964 0.5406037213375935 -2.788139162460201 0
965 -0.07595346392956828 2.986739426366789 0
966 1.989338463506821 2.256992830858178 0
967 -0.5365338609653741 -2.784396205244667 0
968 1.507044057053407 -2.407448803092794 0
969 -2.208357596985313 1.744338004223472 0
970 2.247826613601298 -1.969238041879967 0
971 2.487046260204404 -1.353173941455659 0
972 2.49848004156763 1.359830155500839 0
973 -2.704968595029782 0.885411931333057 0
974 -1.532899715542996 -2.598216029975434 0
975 2.870116486356875 0.8689232122106204 0
976 -2.995503811882478 -0.3115649780877164 0
977 0.8800427055279519 -2.712184562458571 0
978 -1.373152074530533 2.688390909543387 0
979 -2.581394930285988 1.205407386989843 0
980 -2.203069372445664 -1.816359503828516 0
981 2.830970265024823 -0.3500570466723359 0
982 1.540411868142338 2.604694230393075 0
983 0.3139558678473106 -2.980433928212254 0
984 2.936309958699146 0.6186454414691321 0
985 -2.345024987872766 1.616952530756379 0
986 -3.003971924681378 -0.04783785247666316 0
987 2.222566635990803 1.800506578297672 0
988 -2.820941663237167 -0.4919221772384449 0
989 1.380830980148241 -2.50450730086059 0
990 0.3816007676149028 2.814663987465227 0
991 -2.812296678118871 0.5408227858298056 0
992 2.20358607690963 -1.807974022343192 0
993 -2.16103523681022 -2.089892758727852 0
994 2.732106543279882 -0.8887935254799639 0
$ENDNOD
$ELM
1989
1 15 0 1 1 1
2 15 0 2 1 2
3 15 0 3 1 3
4 15 0 4 1 4
5 15 0 5 1 5
6 1 0 1 2 2 6
7 1 0 1 2 6 7
8 1 0 1 2 7 8
9 1 0 1 2 8 9
10 1 0 1 2 9 10
11 1 0 1 2 10 11
12 1 0 1 2 11 12
13 1 0 1 2 12 13
14 1 0 1 2 13 14
15 1 0 1 2 14 15
16 1 0 1 2 15 16
17 1 0 1 2 16 17
18 1 0 1 2 17 18
19 1 0 1 2 18 19
20 1 0 1 2 19 20
21 1 0 1 2 20 21
22 1 0 1 2 21 22
23 1 0 1 2 22 23
24 1 0 1 2 23 24
25 1 0 1 2 24 25
26 1 0 1 2 25 26
27 1 0 1 2 26 27
28 1 0 1 2 27 28
29 1 0 1 2 28 29
30 1 0 1 2 29 4
31 1 0 2 2 4 30
32 1 0 2 2 30 31
33 1 0 2 2 31 32
34 1 0 2 2 32 33
35 1 0 2 2 33 34
36 1 0 2 2 34 35
37 1 0 2 2 35 36
38 1 0 2 2 36 37
39 1 0 2 2 37 38
40 1 0 2 2 38 39
41 1 0 2 2 39 40
42 1 0 2 2 40 41
43 1 0 2 2 41 42
44 1 0 2 2 42 43
45 1 0 2 2 43 44
46 1 0 2 2 44 45
47 1 0 2 2 45 46
48 1 0 2 2 46 47
49 1 0 2 2 47 48
50 1 0 2 2 48 49
51 1 0 2 2 49 50
52 1 0 2 2 50 51
53 1 0 2 2 51 52
54 1 0 2 2 52 53
55 1 0 2 2 53 3
56 1 0 3 2 3 54
57 1 0 3 2 54 55
58 1 0 3 2 55 56
59 1 0 3 2 56 57
60 1 0 3 2 57 58
61 1 0 3 2 58 59
62 1 0 3 2 59 60
63 1 0 3 2 60 61
64 1 0 3 2 61 62
65 1 0 3 2 62 63
66 1 0 3 2 63 64
67 1 0 3 2 64 65
68 1 0 3 2 65 66
69 1 0 3 2 66 67
70 1 0 3 2 67 68
71 1 0 3 2 68 69
72 1 0 3 2 69 70
73 1 0 3 2 70 71
74 1 0 3 2 71 72
75 1 0 3 2 72 73
76 1 0 3 2 73 74
77 1 0 3 2 74 75
78 1 0 3 2 75 76
79 1 0 3 2 76 77
80 1 0 3 2 77 5
81 1 0 4 2 5 78
82 1 0 4 2 78 79
83 1 0 4 2 79 80
84 1 0 4 2 80 81
85 1 0 4 2 81 82
86 1 0 4 2 82 83
87 1 0 4 2 83 84
88 1 0 4 2 84 85
89 1 0 4 2 85 86
90 1 0 4 2 86 87
91 1 0 4 2 87 88
92 1 0 4 2 88 89
93 1 0 4 2 89 90
94 1 0 4 2 90 91
95 1 0 4 2 91 92
96 1 0 4 2 92 93
97 1 0 4 2 93 94
98 1 0 4 2 94 95
99 1 0 4 2 95 96
100 1 0 4 2 96 97
101 1 0 4 2 97 98
102 1 0 4 2 98 99
103 1 0 4 2 99 100
104 1 0 4 2 100 101
105 1 0 4 2 101 2
106 2 0 1 3 684 114 905
107 2 0 1 3 519 891 917
108 2 0 1 3 130 607 609
109 2 0 1 3 554 610 872
110 2 0 1 3 593 135 890
111 2 0 1 3 590 109 984
112 2 0 1 3 109 590 855
113 2 0 1 3 130 606 607
114 2 0 1 3 68 69 615
115 2 0 1 3 135 593 967
116 2 0 1 3 683 684 905
117 2 0 1 3 103 68 615
118 2 0 1 3 6 7 960
119 2 0 1 3 572 915 916
120 2 0 1 3 76 77 890
121 2 0 1 3 117 594 794
122 2 0 1 3 587 105 903
123 2 0 1 3 662 127 929
124 2 0 1 3 610 554 864
125 2 0 1 3 35 36 897
126 2 0 1 3 133 589 975
127 2 0 1 3 589 133 900
128 2 0 1 3 594 117 953
129 2 0 1 3 28 29 893
130 2 0 1 3 891 102 917
131 2 0 1 3 121 2 885
132 2 0 1 3 649 519 917
133 2 0 1 3 610 607 872
134 2 0 1 3 900 133 950
135 2 0 1 3 595 120 892
136 2 0 1 3 875 900 950
137 2 0 1 3 572 916 963
138 2 0 1 3 120 595 893
139 2 0 1 3 599 118 986
140 2 0 1 3 633 587 903
141 2 0 1 3 106 839 955
142 2 0 1 3 17 18 618
143 2 0 1 3 606 130 909
144 2 0 1 3 885 6 960
145 2 0 1 3 128 588 962
146 2 0 1 3 588 128 944
147 2 0 1 3 132 35 897
148 2 0 1 3 58 130 609
149 2 0 1 3 57 58 609
150 2 0 1 3 598 911 912
151 2 0 1 3 608 606 909
152 2 0 1 3 908 523 985
153 2 0 1 3 951 78 983
154 2 0 1 3 811 951 983
155 2 0 1 3 577 939 969
156 2 0 1 3 611 590 984
157 2 0 1 3 118 599 888
158 2 0 1 3 135 76 890
159 2 0 1 3 77 119 890
160 2 0 1 3 127 662 971
161 2 0 1 3 136 605 922
162 2 0 1 3 114 684 958
163 2 0 1 3 603 599 986
164 2 0 1 3 129 17 618
165 2 0 1 3 631 927 952
166 2 0 1 3 602 662 929
167 2 0 1 3 2 6 885
168 2 0 1 3 105 587 992
169 2 0 1 3 902 908 985
170 2 0 1 3 137 28 893
171 2 0 1 3 29 120 893
172 2 0 1 3 839 106 957
173 2 0 1 3 883 121 885
174 2 0 1 3 523 908 937
175 2 0 1 3 928 526 943
176 2 0 1 3 939 104 969
177 2 0 1 3 576 913 914
178 2 0 1 3 613 103 615
179 2 0 1 3 30 955 965
180 2 0 1 3 931 584 956
181 2 0 1 3 839 841 955
182 2 0 1 3 604 593 890
183 2 0 1 3 615 69 974
184 2 0 1 3 911 598 932
185 2 0 1 3 609 607 610
186 2 0 1 3 604 119 887
187 2 0 1 3 922 605 941
188 2 0 1 3 7 109 960
189 2 0 1 3 927 126 952
190 2 0 1 3 638 918 920
191 2 0 1 3 915 572 957
192 2 0 1 3 619 588 936
193 2 0 1 3 119 604 890
194 2 0 1 3 895 66 959
195 2 0 1 3 108 810 983
196 2 0 1 3 617 452 623
197 2 0 1 3 116 931 956
198 2 0 1 3 124 928 943
199 2 0 1 3 66 895 993
200 2 0 1 3 589 611 975
201 2 0 1 3 810 811 983
202 2 0 1 3 897 36 978
203 2 0 1 3 54 603 986
204 2 0 1 3 955 841 965
205 2 0 1 3 936 588 944
206 2 0 1 3 603 54 976
207 2 0 1 3 616 617 623
208 2 0 1 3 144 141 616
209 2 0 1 3 87 942 949
210 2 0 1 3 633 903 906
211 2 0 1 3 901 520 930
212 2 0 1 3 144 616 623
213 2 0 1 3 618 18 966
214 2 0 1 3 612 102 891
215 2 0 1 3 452 617 886
216 2 0 1 3 141 139 616
217 2 0 1 3 918 638 979
218 2 0 1 3 103 613 894
219 2 0 1 3 598 912 989
220 2 0 1 3 118 888 925
221 2 0 1 3 896 132 897
222 2 0 1 3 422 455 624
223 2 0 1 3 144 623 884
224 2 0 1 3 623 624 884
225 2 0 1 3 624 455 628
226 2 0 1 3 452 422 624
227 2 0 1 3 529 622 625
228 2 0 1 3 529 580 622
229 2 0 1 3 622 142 625
230 2 0 1 3 625 146 642
231 2 0 1 3 529 625 642
232 2 0 1 3 143 146 625
233 2 0 1 3 626 628 880
234 2 0 1 3 623 452 624
235 2 0 1 3 626 148 628
236 2 0 1 3 628 455 880
237 2 0 1 3 540 453 642
238 2 0 1 3 629 540 642
239 2 0 1 3 453 529 642
240 2 0 1 3 146 629 642
241 2 0 1 3 146 147 629
242 2 0 1 3 635 457 882
243 2 0 1 3 631 527 661
244 2 0 1 3 569 530 632
245 2 0 1 3 569 632 633
246 2 0 1 3 365 630 661
247 2 0 1 3 630 631 661
248 2 0 1 3 540 629 834
249 2 0 1 3 378 442 663
250 2 0 1 3 659 532 881
251 2 0 1 3 456 565 678
252 2 0 1 3 634 531 664
253 2 0 1 3 520 635 882
254 2 0 1 3 149 148 626
255 2 0 1 3 531 634 711
256 2 0 1 3 711 634 849
257 2 0 1 3 632 530 663
258 2 0 1 3 458 711 849
259 2 0 1 3 657 555 876
260 2 0 1 3 630 365 678
261 2 0 1 3 485 659 881
262 2 0 1 3 522 639 655
263 2 0 1 3 210 691 799
264 2 0 1 3 651 374 720
265 2 0 1 3 442 632 663
266 2 0 1 3 691 536 799
267 2 0 1 3 565 630 678
268 2 0 1 3 536 691 694
269 2 0 1 3 652 651 720
270 2 0 1 3 650 456 678
271 2 0 1 3 531 378 663
272 2 0 1 3 694 196 702
273 2 0 1 3 536 694 702
274 2 0 1 3 637 404 655
275 2 0 1 3 639 637 655
276 2 0 1 3 605 583 679
277 2 0 1 3 636 404 637
278 2 0 1 3 531 663 664
279 2 0 1 3 644 533 859
280 2 0 1 3 675 497 676
281 2 0 1 3 346 641 695
282 2 0 1 3 283 657 876
283 2 0 1 3 798 541 834
284 2 0 1 3 697 652 720
285 2 0 1 3 640 154 654
286 2 0 1 3 640 798 834
287 2 0 1 3 629 150 834
288 2 0 1 3 675 210 799
289 2 0 1 3 404 636 656
290 2 0 1 3 336 827 869
291 2 0 1 3 40 41 122
292 2 0 1 3 64 65 123
293 2 0 1 3 88 89 124
294 2 0 1 3 297 337 656
295 2 0 1 3 457 659 882
296 2 0 1 3 676 379 764
297 2 0 1 3 432 652 697
298 2 0 1 3 679 583 789
299 2 0 1 3 673 675 676
300 2 0 1 3 374 651 809
301 2 0 1 3 583 641 789
302 2 0 1 3 668 710 861
303 2 0 1 3 641 687 695
304 2 0 1 3 215 240 854
305 2 0 1 3 650 678 809
306 2 0 1 3 196 215 702
307 2 0 1 3 307 644 859
308 2 0 1 3 497 675 799
309 2 0 1 3 842 761 879
310 2 0 1 3 16 17 129
311 2 0 1 3 497 458 849
312 2 0 1 3 651 650 809
313 2 0 1 3 739 738 781
314 2 0 1 3 206 210 674
315 2 0 1 3 341 646 692
316 2 0 1 3 208 206 674
317 2 0 1 3 673 676 764
318 2 0 1 3 482 526 779
319 2 0 1 3 640 654 798
320 2 0 1 3 673 674 675
321 2 0 1 3 532 424 647
322 2 0 1 3 337 404 656
323 2 0 1 3 55 56 107
324 2 0 1 3 79 80 108
325 2 0 1 3 319 643 736
326 2 0 1 3 532 657 881
327 2 0 1 3 31 32 106
328 2 0 1 3 643 319 737
329 2 0 1 3 647 555 657
330 2 0 1 3 7 8 109
331 2 0 1 3 245 686 689
332 2 0 1 3 646 341 735
333 2 0 1 3 340 291 717
334 2 0 1 3 652 432 762
335 2 0 1 3 686 685 751
336 2 0 1 3 470 739 781
337 2 0 1 3 710 380 861
338 2 0 1 3 341 297 656
339 2 0 1 3 644 307 828
340 2 0 1 3 401 348 664
341 2 0 1 3 672 208 674
342 2 0 1 3 704 502 867
343 2 0 1 3 688 541 846
344 2 0 1 3 684 471 788
345 2 0 1 3 647 424 677
346 2 0 1 3 532 647 657
347 2 0 1 3 158 653 699
348 2 0 1 3 61 62 114
349 2 0 1 3 85 86 115
350 2 0 1 3 37 38 116
351 2 0 1 3 760 733 807
352 2 0 1 3 685 425 751
353 2 0 1 3 307 184 828
354 2 0 1 3 348 634 664
355 2 0 1 3 692 646 693
356 2 0 1 3 702 215 854
357 2 0 1 3 525 409 687
358 2 0 1 3 406 522 655
359 2 0 1 3 211 208 672
360 2 0 1 3 641 346 789
361 2 0 1 3 674 210 675
362 2 0 1 3 361 482 705
363 2 0 1 3 689 686 751
364 2 0 1 3 648 567 658
365 2 0 1 3 696 697 706
366 2 0 1 3 13 14 117
367 2 0 1 3 526 746 779
368 2 0 1 3 151 154 640
369 2 0 1 3 533 503 737
370 2 0 1 3 653 158 700
371 2 0 1 3 423 456 650
372 2 0 1 3 432 315 762
373 2 0 1 3 304 374 809
374 2 0 1 3 736 643 750
375 2 0 1 3 372 436 658
376 2 0 1 3 641 525 687
377 2 0 1 3 155 158 699
378 2 0 1 3 159 162 700
379 2 0 1 3 701 462 757
380 2 0 1 3 456 434 564
381 2 0 1 3 291 264 832
382 2 0 1 3 503 643 737
383 2 0 1 3 666 627 668
384 2 0 1 3 697 463 706
385 2 0 1 3 341 656 735
386 2 0 1 3 471 682 734
387 2 0 1 3 827 534 869
388 2 0 1 3 197 195 738
389 2 0 1 3 423 434 456
390 2 0 1 3 565 564 613
391 2 0 1 3 654 154 699
392 2 0 1 3 273 736 750
393 2 0 1 3 668 627 710
394 2 0 1 3 351 461 677
395 2 0 1 3 340 717 802
396 2 0 1 3 602 508 662
397 2 0 1 3 507 388 693
398 2 0 1 3 527 413 661
399 2 0 1 3 682 471 684
400 2 0 1 3 533 739 859
401 2 0 1 3 436 648 658
402 2 0 1 3 423 400 434
403 2 0 1 3 737 738 739
404 2 0 1 3 58 59 130
405 2 0 1 3 82 83 131
406 2 0 1 3 456 564 565
407 2 0 1 3 158 159 700
408 2 0 1 3 170 776 830
409 2 0 1 3 46 47 125
410 2 0 1 3 34 35 132
411 2 0 1 3 70 71 126
412 2 0 1 3 686 245 690
413 2 0 1 3 406 443 522
414 2 0 1 3 378 437 442
415 2 0 1 3 94 95 127
416 2 0 1 3 534 827 863
417 2 0 1 3 592 563 735
418 2 0 1 3 156 153 666
419 2 0 1 3 574 534 863
420 2 0 1 3 311 344 766
421 2 0 1 3 442 585 587
422 2 0 1 3 156 666 667
423 2 0 1 3 700 162 701
424 2 0 1 3 360 406 655
425 2 0 1 3 238 463 730
426 2 0 1 3 154 155 699
427 2 0 1 3 352 351 677
428 2 0 1 3 290 330 331
429 2 0 1 3 461 647 677
430 2 0 1 3 670 837 843
431 2 0 1 3 596 840 842
432 2 0 1 3 10 11 133
433 2 0 1 3 354 339 688
434 2 0 1 3 332 331 333
435 2 0 1 3 308 469 690
436 2 0 1 3 319 197 738
437 2 0 1 3 522 443 523
438 2 0 1 3 646 507 693
439 2 0 1 3 290 331 332
440 2 0 1 3 524 409 525
441 2 0 1 3 370 372 658
442 2 0 1 3 460 423 650
443 2 0 1 3 409 355 687
444 2 0 1 3 700 701 757
445 2 0 1 3 442 437 585
446 2 0 1 3 336 311 766
447 2 0 1 3 359 400 423
448 2 0 1 3 524 525 582
449 2 0 1 3 548 547 825
450 2 0 1 3 201 696 706
451 2 0 1 3 365 304 809
452 2 0 1 3 530 401 664
453 2 0 1 3 269 289 290
454 2 0 1 3 593 457 635
455 2 0 1 3 388 384 693
456 2 0 1 3 446 427 457
457 2 0 1 3 582 583 605
458 2 0 1 3 733 465 807
459 2 0 1 3 582 525 583
460 2 0 1 3 294 704 867
461 2 0 1 3 449 409 524
462 2 0 1 3 339 369 688
463 2 0 1 3 233 308 690
464 2 0 1 3 406 422 443
465 2 0 1 3 236 211 672
466 2 0 1 3 379 676 849
467 2 0 1 3 665 350 804
468 2 0 1 3 421 424 427
469 2 0 1 3 420 367 421
470 2 0 1 3 506 388 507
471 2 0 1 3 446 457 593
472 2 0 1 3 363 304 365
473 2 0 1 3 310 336 660
474 2 0 1 3 303 284 304
475 2 0 1 3 591 592 620
476 2 0 1 3 837 477 843
477 2 0 1 3 701 760 807
478 2 0 1 3 705 482 779
479 2 0 1 3 596 842 879
480 2 0 1 3 648 519 649
481 2 0 1 3 413 363 661
482 2 0 1 3 246 245 689
483 2 0 1 3 565 613 614
484 2 0 1 3 317 358 359
485 2 0 1 3 436 514 519
486 2 0 1 3 447 530 569
487 2 0 1 3 680 417 681
488 2 0 1 3 378 377 437
489 2 0 1 3 427 532 659
490 2 0 1 3 737 319 738
491 2 0 1 3 282 255 284
492 2 0 1 3 421 427 446
493 2 0 1 3 562 563 591
494 2 0 1 3 287 288 300
495 2 0 1 3 645 644 828
496 2 0 1 3 687 334 695
497 2 0 1 3 421 446 718
498 2 0 1 3 506 507 562
499 2 0 1 3 541 798 846
500 2 0 1 3 376 377 378
501 2 0 1 3 448 567 588
502 2 0 1 3 404 360 655
503 2 0 1 3 518 413 527
504 2 0 1 3 446 604 718
505 2 0 1 3 469 686 690
506 2 0 1 3 367 352 677
507 2 0 1 3 512 586 863
508 2 0 1 3 665 560 759
509 2 0 1 3 614 613 615
510 2 0 1 3 363 365 661
511 2 0 1 3 463 720 730
512 2 0 1 3 337 360 404
513 2 0 1 3 303 304 363
514 2 0 1 3 656 636 735
515 2 0 1 3 359 358 400
516 2 0 1 3 287 262 288
517 2 0 1 3 282 284 303
518 2 0 1 3 410 401 447
519 2 0 1 3 621 637 638
520 2 0 1 3 518 527 570
521 2 0 1 3 533 737 739
522 2 0 1 3 508 447 662
523 2 0 1 3 308 310 469
524 2 0 1 3 636 592 735
525 2 0 1 3 482 521 526
526 2 0 1 3 444 388 506
527 2 0 1 3 620 592 621
528 2 0 1 3 717 291 832
529 2 0 1 3 322 273 750
530 2 0 1 3 234 233 690
531 2 0 1 3 285 262 287
532 2 0 1 3 653 545 699
533 2 0 1 3 343 348 401
534 2 0 1 3 667 666 668
535 2 0 1 3 193 196 694
536 2 0 1 3 375 333 376
537 2 0 1 3 359 423 460
538 2 0 1 3 562 507 563
539 2 0 1 3 696 432 697
540 2 0 1 3 302 692 693
541 2 0 1 3 261 236 262
542 2 0 1 3 743 544 757
543 2 0 1 3 463 697 720
544 2 0 1 3 601 508 602
545 2 0 1 3 297 318 337
546 2 0 1 3 759 560 785
547 2 0 1 3 469 660 685
548 2 0 1 3 591 563 592
549 2 0 1 3 328 329 370
550 2 0 1 3 545 654 699
551 2 0 1 3 156 667 749
552 2 0 1 3 436 519 648
553 2 0 1 3 361 416 482
554 2 0 1 3 457 427 659
555 2 0 1 3 405 355 409
556 2 0 1 3 403 511 512
557 2 0 1 3 376 378 531
558 2 0 1 3 448 418 567
559 2 0 1 3 427 424 532
560 2 0 1 3 421 367 424
561 2 0 1 3 447 401 530
562 2 0 1 3 279 306 328
563 2 0 1 3 351 395 461
564 2 0 1 3 469 310 660
565 2 0 1 3 461 487 555
566 2 0 1 3 447 569 662
567 2 0 1 3 400 417 680
568 2 0 1 3 343 401 410
569 2 0 1 3 300 301 343
570 2 0 1 3 281 297 341
571 2 0 1 3 372 426 436
572 2 0 1 3 350 665 759
573 2 0 1 3 360 373 406
574 2 0 1 3 206 204 210
575 2 0 1 3 343 410 728
576 2 0 1 3 240 268 269
577 2 0 1 3 539 429 703
578 2 0 1 3 410 447 508
579 2 0 1 3 153 152 666
580 2 0 1 3 229 243 714
581 2 0 1 3 462 701 807
582 2 0 1 3 351 322 395
583 2 0 1 3 252 254 698
584 2 0 1 3 371 370 418
585 2 0 1 3 229 228 233
586 2 0 1 3 287 346 695
587 2 0 1 3 22 23 128
588 2 0 1 3 541 540 834
589 2 0 1 3 638 637 639
590 2 0 1 3 235 211 236
591 2 0 1 3 201 213 696
592 2 0 1 3 337 347 360
593 2 0 1 3 279 257 306
594 2 0 1 3 328 306 329
595 2 0 1 3 281 296 297
596 2 0 1 3 184 191 828
597 2 0 1 3 237 315 432
598 2 0 1 3 461 395 487
599 2 0 1 3 370 329 372
600 2 0 1 3 419 418 448
601 2 0 1 3 440 540 541
602 2 0 1 3 660 336 869
603 2 0 1 3 281 341 692
604 2 0 1 3 245 234 690
605 2 0 1 3 840 838 842
606 2 0 1 3 555 704 876
607 2 0 1 3 276 275 277
608 2 0 1 3 152 626 627
609 2 0 1 3 424 367 677
610 2 0 1 3 460 650 651
611 2 0 1 3 332 333 375
612 2 0 1 3 355 334 687
613 2 0 1 3 414 413 518
614 2 0 1 3 364 363 413
615 2 0 1 3 227 229 714
616 2 0 1 3 244 234 245
617 2 0 1 3 384 302 693
618 2 0 1 3 198 199 217
619 2 0 1 3 169 168 708
620 2 0 1 3 738 195 781
621 2 0 1 3 839 838 840
622 2 0 1 3 670 723 749
623 2 0 1 3 410 509 728
624 2 0 1 3 258 257 279
625 2 0 1 3 436 426 514
626 2 0 1 3 359 460 762
627 2 0 1 3 685 660 848
628 2 0 1 3 256 255 282
629 2 0 1 3 461 555 647
630 2 0 1 3 292 340 761
631 2 0 1 3 239 238 255
632 2 0 1 3 369 440 688
633 2 0 1 3 667 668 669
634 2 0 1 3 218 217 238
635 2 0 1 3 287 300 346
636 2 0 1 3 555 487 704
637 2 0 1 3 366 367 420
638 2 0 1 3 269 290 792
639 2 0 1 3 191 192 198
640 2 0 1 3 300 288 301
641 2 0 1 3 202 321 707
642 2 0 1 3 331 361 705
643 2 0 1 3 440 453 540
644 2 0 1 3 227 228 229
645 2 0 1 3 728 509 789
646 2 0 1 3 198 217 218
647 2 0 1 3 552 267 786
648 2 0 1 3 302 277 692
649 2 0 1 3 190 193 194
650 2 0 1 3 366 352 367
651 2 0 1 3 512 511 586
652 2 0 1 3 290 289 330
653 2 0 1 3 188 189 190
654 2 0 1 3 237 432 696
655 2 0 1 3 487 502 704
656 2 0 1 3 248 246 257
657 2 0 1 3 667 670 749
658 2 0 1 3 632 587 633
659 2 0 1 3 343 301 348
660 2 0 1 3 346 300 728
661 2 0 1 3 386 384 388
662 2 0 1 3 229 233 234
663 2 0 1 3 227 226 228
664 2 0 1 3 729 324 770
665 2 0 1 3 277 278 281
666 2 0 1 3 516 574 612
667 2 0 1 3 538 429 539
668 2 0 1 3 462 743 757
669 2 0 1 3 472 729 770
670 2 0 1 3 487 488 502
671 2 0 1 3 277 281 692
672 2 0 1 3 244 245 246
673 2 0 1 3 328 370 371
674 2 0 1 3 279 780 806
675 2 0 1 3 448 588 619
676 2 0 1 3 266 274 275
677 2 0 1 3 285 287 695
678 2 0 1 3 262 236 671
679 2 0 1 3 808 645 828
680 2 0 1 3 769 552 786
681 2 0 1 3 391 431 741
682 2 0 1 3 216 319 736
683 2 0 1 3 460 652 762
684 2 0 1 3 723 670 843
685 2 0 1 3 323 322 351
686 2 0 1 3 369 439 440
687 2 0 1 3 418 370 658
688 2 0 1 3 563 646 735
689 2 0 1 3 240 269 854
690 2 0 1 3 184 185 191
691 2 0 1 3 255 238 730
692 2 0 1 3 173 172 175
693 2 0 1 3 261 262 285
694 2 0 1 3 448 619 703
695 2 0 1 3 323 351 352
696 2 0 1 3 564 434 566
697 2 0 1 3 266 275 276
698 2 0 1 3 325 221 716
699 2 0 1 3 573 445 777
700 2 0 1 3 214 202 707
701 2 0 1 3 469 685 686
702 2 0 1 3 583 525 641
703 2 0 1 3 167 165 168
704 2 0 1 3 315 317 762
705 2 0 1 3 210 204 691
706 2 0 1 3 235 236 261
707 2 0 1 3 551 391 741
708 2 0 1 3 254 265 266
709 2 0 1 3 171 169 172
710 2 0 1 3 204 194 691
711 2 0 1 3 712 227 714
712 2 0 1 3 504 644 645
713 2 0 1 3 776 547 830
714 2 0 1 3 663 530 664
715 2 0 1 3 238 217 463
716 2 0 1 3 280 273 322
717 2 0 1 3 671 672 673
718 2 0 1 3 269 268 289
719 2 0 1 3 286 335 771
720 2 0 1 3 252 253 254
721 2 0 1 3 393 471 734
722 2 0 1 3 376 333 377
723 2 0 1 3 225 227 712
724 2 0 1 3 155 157 158
725 2 0 1 3 481 745 768
726 2 0 1 3 257 246 689
727 2 0 1 3 232 214 249
728 2 0 1 3 276 277 302
729 2 0 1 3 440 541 688
730 2 0 1 3 621 636 637
731 2 0 1 3 213 237 696
732 2 0 1 3 168 165 715
733 2 0 1 3 221 223 716
734 2 0 1 3 308 309 310
735 2 0 1 3 559 560 665
736 2 0 1 3 371 418 419
737 2 0 1 3 442 587 632
738 2 0 1 3 252 250 253
739 2 0 1 3 765 791 817
740 2 0 1 3 348 379 634
741 2 0 1 3 243 234 244
742 2 0 1 3 502 503 504
743 2 0 1 3 671 236 672
744 2 0 1 3 172 169 708
745 2 0 1 3 698 254 755
746 2 0 1 3 159 161 162
747 2 0 1 3 682 417 734
748 2 0 1 3 331 330 361
749 2 0 1 3 419 448 703
750 2 0 1 3 194 193 694
751 2 0 1 3 327 339 354
752 2 0 1 3 701 162 760
753 2 0 1 3 412 394 480
754 2 0 1 3 151 153 154
755 2 0 1 3 277 275 278
756 2 0 1 3 167 168 169
757 2 0 1 3 186 187 188
758 2 0 1 3 292 291 340
759 2 0 1 3 178 177 179
760 2 0 1 3 297 296 318
761 2 0 1 3 231 214 232
762 2 0 1 3 176 175 177
763 2 0 1 3 186 188 464
764 2 0 1 3 344 403 766
765 2 0 1 3 467 491 550
766 2 0 1 3 154 153 155
767 2 0 1 3 317 342 358
768 2 0 1 3 487 395 488
769 2 0 1 3 420 421 718
770 2 0 1 3 248 257 258
771 2 0 1 3 559 558 560
772 2 0 1 3 504 533 644
773 2 0 1 3 232 249 250
774 2 0 1 3 310 311 336
775 2 0 1 3 203 194 204
776 2 0 1 3 585 746 747
777 2 0 1 3 300 343 728
778 2 0 1 3 171 172 173
779 2 0 1 3 502 488 503
780 2 0 1 3 405 409 449
781 2 0 1 3 182 183 184
782 2 0 1 3 158 157 159
783 2 0 1 3 567 418 658
784 2 0 1 3 544 653 757
785 2 0 1 3 179 180 182
786 2 0 1 3 299 225 712
787 2 0 1 3 191 198 808
788 2 0 1 3 152 627 666
789 2 0 1 3 509 508 601
790 2 0 1 3 791 727 817
791 2 0 1 3 458 375 711
792 2 0 1 3 727 481 768
793 2 0 1 3 223 299 716
794 2 0 1 3 443 422 452
795 2 0 1 3 205 204 206
796 2 0 1 3 190 189 193
797 2 0 1 3 440 439 453
798 2 0 1 3 745 313 768
799 2 0 1 3 225 226 227
800 2 0 1 3 175 172 313
801 2 0 1 3 557 558 559
802 2 0 1 3 223 225 299
803 2 0 1 3 254 253 265
804 2 0 1 3 162 161 163
805 2 0 1 3 182 184 307
806 2 0 1 3 190 194 203
807 2 0 1 3 303 363 364
808 2 0 1 3 459 458 497
809 2 0 1 3 179 177 180
810 2 0 1 3 630 614 631
811 2 0 1 3 572 445 573
812 2 0 1 3 263 295 744
813 2 0 1 3 563 507 646
814 2 0 1 3 178 186 721
815 2 0 1 3 557 548 558
816 2 0 1 3 653 700 757
817 2 0 1 3 722 160 723
818 2 0 1 3 177 175 745
819 2 0 1 3 218 238 239
820 2 0 1 3 464 188 752
821 2 0 1 3 547 776 825
822 2 0 1 3 372 425 426
823 2 0 1 3 470 181 709
824 2 0 1 3 335 396 771
825 2 0 1 3 188 187 189
826 2 0 1 3 163 164 165
827 2 0 1 3 247 246 248
828 2 0 1 3 315 316 317
829 2 0 1 3 723 160 749
830 2 0 1 3 251 250 252
831 2 0 1 3 266 276 755
832 2 0 1 3 431 467 741
833 2 0 1 3 259 263 744
834 2 0 1 3 691 194 694
835 2 0 1 3 237 314 315
836 2 0 1 3 223 224 225
837 2 0 1 3 233 242 308
838 2 0 1 3 673 672 674
839 2 0 1 3 480 394 769
840 2 0 1 3 165 164 715
841 2 0 1 3 446 593 604
842 2 0 1 3 266 265 274
843 2 0 1 3 270 241 273
844 2 0 1 3 306 257 689
845 2 0 1 3 364 413 414
846 2 0 1 3 168 715 801
847 2 0 1 3 726 493 727
848 2 0 1 3 552 769 800
849 2 0 1 3 176 178 721
850 2 0 1 3 504 503 533
851 2 0 1 3 478 479 489
852 2 0 1 3 273 241 736
853 2 0 1 3 337 318 347
854 2 0 1 3 414 518 520
855 2 0 1 3 229 234 243
856 2 0 1 3 489 479 726
857 2 0 1 3 249 214 707
858 2 0 1 3 288 262 671
859 2 0 1 3 538 539 578
860 2 0 1 3 295 349 389
861 2 0 1 3 556 548 557
862 2 0 1 3 389 391 551
863 2 0 1 3 667 669 670
864 2 0 1 3 491 468 742
865 2 0 1 3 225 224 226
866 2 0 1 3 479 493 726
867 2 0 1 3 484 547 548
868 2 0 1 3 379 301 764
869 2 0 1 3 209 219 754
870 2 0 1 3 544 545 653
871 2 0 1 3 509 679 789
872 2 0 1 3 281 278 296
873 2 0 1 3 163 161 164
874 2 0 1 3 396 398 500
875 2 0 1 3 224 230 724
876 2 0 1 3 244 246 247
877 2 0 1 3 219 221 325
878 2 0 1 3 479 486 493
879 2 0 1 3 250 249 725
880 2 0 1 3 152 149 626
881 2 0 1 3 478 476 479
882 2 0 1 3 267 252 698
883 2 0 1 3 166 732 733
884 2 0 1 3 263 271 295
885 2 0 1 3 479 476 486
886 2 0 1 3 175 313 745
887 2 0 1 3 226 224 724
888 2 0 1 3 259 258 260
889 2 0 1 3 180 177 745
890 2 0 1 3 239 255 256
891 2 0 1 3 155 156 157
892 2 0 1 3 188 190 752
893 2 0 1 3 382 543 544
894 2 0 1 3 482 416 521
895 2 0 1 3 301 288 764
896 2 0 1 3 207 209 754
897 2 0 1 3 389 551 744
898 2 0 1 3 334 285 695
899 2 0 1 3 43 44 104
900 2 0 1 3 500 398 505
901 2 0 1 3 484 483 547
902 2 0 1 3 481 727 791
903 2 0 1 3 162 163 760
904 2 0 1 3 241 216 736
905 2 0 1 3 159 160 161
906 2 0 1 3 213 202 214
907 2 0 1 3 345 312 433
908 2 0 1 3 272 264 291
909 2 0 1 3 769 392 800
910 2 0 1 3 467 468 491
911 2 0 1 3 173 175 176
912 2 0 1 3 467 550 741
913 2 0 1 3 207 206 208
914 2 0 1 3 164 161 722
915 2 0 1 3 327 354 784
916 2 0 1 3 557 851 857
917 2 0 1 3 468 484 742
918 2 0 1 3 256 282 283
919 2 0 1 3 484 548 556
920 2 0 1 3 274 298 472
921 2 0 1 3 216 197 319
922 2 0 1 3 179 182 709
923 2 0 1 3 253 250 725
924 2 0 1 3 170 169 171
925 2 0 1 3 431 466 467
926 2 0 1 3 475 476 478
927 2 0 1 3 295 320 349
928 2 0 1 3 733 732 816
929 2 0 1 3 67 68 103
930 2 0 1 3 475 478 492
931 2 0 1 3 280 322 323
932 2 0 1 3 233 228 242
933 2 0 1 3 187 181 470
934 2 0 1 3 338 326 357
935 2 0 1 3 360 347 373
936 2 0 1 3 430 390 462
937 2 0 1 3 278 275 770
938 2 0 1 3 166 165 167
939 2 0 1 3 313 172 708
940 2 0 1 3 386 388 444
941 2 0 1 3 157 156 749
942 2 0 1 3 544 543 545
943 2 0 1 3 190 203 752
944 2 0 1 3 259 260 263
945 2 0 1 3 348 301 379
946 2 0 1 3 389 349 390
947 2 0 1 3 621 592 636
948 2 0 1 3 254 266 755
949 2 0 1 3 91 92 105
950 2 0 1 3 203 204 205
951 2 0 1 3 161 160 722
952 2 0 1 3 166 167 732
953 2 0 1 3 389 390 391
954 2 0 1 3 202 200 321
955 2 0 1 3 186 464 721
956 2 0 1 3 163 165 166
957 2 0 1 3 542 763 784
958 2 0 1 3 182 307 709
959 2 0 1 3 444 506 599
960 2 0 1 3 472 477 729
961 2 0 1 3 395 322 750
962 2 0 1 3 295 389 744
963 2 0 1 3 468 483 484
964 2 0 1 3 209 208 211
965 2 0 1 3 186 181 187
966 2 0 1 3 453 454 529
967 2 0 1 3 345 433 561
968 2 0 1 3 472 298 473
969 2 0 1 3 198 192 199
970 2 0 1 3 429 419 703
971 2 0 1 3 400 358 417
972 2 0 1 3 481 180 745
973 2 0 1 3 155 153 156
974 2 0 1 3 801 715 818
975 2 0 1 3 472 473 477
976 2 0 1 3 484 556 742
977 2 0 1 3 763 293 784
978 2 0 1 3 475 474 476
979 2 0 1 3 191 185 192
980 2 0 1 3 462 390 743
981 2 0 1 3 228 226 713
982 2 0 1 3 212 211 235
983 2 0 1 3 270 273 280
984 2 0 1 3 182 180 183
985 2 0 1 3 382 544 743
986 2 0 1 3 473 475 753
987 2 0 1 3 237 231 314
988 2 0 1 3 678 365 809
989 2 0 1 3 390 349 743
990 2 0 1 3 178 181 186
991 2 0 1 3 381 375 458
992 2 0 1 3 176 177 178
993 2 0 1 3 467 466 468
994 2 0 1 3 468 466 483
995 2 0 1 3 477 473 753
996 2 0 1 3 565 614 630
997 2 0 1 3 151 152 153
998 2 0 1 3 159 157 160
999 2 0 1 3 345 561 731
1000 2 0 1 3 167 170 732
1001 2 0 1 3 349 320 382
1002 2 0 1 3 473 298 474
1003 2 0 1 3 213 231 237
1004 2 0 1 3 473 474 475
1005 2 0 1 3 223 222 224
1006 2 0 1 3 248 258 259
1007 2 0 1 3 410 508 509
1008 2 0 1 3 213 214 231
1009 2 0 1 3 178 179 181
1010 2 0 1 3 391 390 430
1011 2 0 1 3 353 352 366
1012 2 0 1 3 193 195 196
1013 2 0 1 3 349 382 743
1014 2 0 1 3 503 488 643
1015 2 0 1 3 707 321 812
1016 2 0 1 3 545 546 654
1017 2 0 1 3 372 329 425
1018 2 0 1 3 464 752 759
1019 2 0 1 3 317 359 762
1020 2 0 1 3 286 285 334
1021 2 0 1 3 203 350 752
1022 2 0 1 3 612 574 618
1023 2 0 1 3 780 549 806
1024 2 0 1 3 199 201 706
1025 2 0 1 3 391 430 431
1026 2 0 1 3 665 804 835
1027 2 0 1 3 274 265 298
1028 2 0 1 3 295 271 320
1029 2 0 1 3 176 721 772
1030 2 0 1 3 465 733 816
1031 2 0 1 3 167 169 170
1032 2 0 1 3 171 173 174
1033 2 0 1 3 181 179 709
1034 2 0 1 3 324 278 770
1035 2 0 1 3 221 222 223
1036 2 0 1 3 431 465 466
1037 2 0 1 3 304 284 374
1038 2 0 1 3 357 326 761
1039 2 0 1 3 166 733 760
1040 2 0 1 3 431 430 465
1041 2 0 1 3 184 183 185
1042 2 0 1 3 219 325 754
1043 2 0 1 3 200 192 765
1044 2 0 1 3 403 510 511
1045 2 0 1 3 803 490 814
1046 2 0 1 3 393 411 471
1047 2 0 1 3 232 250 251
1048 2 0 1 3 247 248 758
1049 2 0 1 3 428 419 429
1050 2 0 1 3 306 689 751
1051 2 0 1 3 333 331 705
1052 2 0 1 3 383 302 384
1053 2 0 1 3 411 394 412
1054 2 0 1 3 393 392 394
1055 2 0 1 3 276 383 755
1056 2 0 1 3 382 542 543
1057 2 0 1 3 160 157 749
1058 2 0 1 3 279 328 780
1059 2 0 1 3 816 732 830
1060 2 0 1 3 381 458 459
1061 2 0 1 3 545 543 546
1062 2 0 1 3 270 305 748
1063 2 0 1 3 403 512 766
1064 2 0 1 3 475 492 753
1065 2 0 1 3 489 726 787
1066 2 0 1 3 396 397 398
1067 2 0 1 3 284 255 730
1068 2 0 1 3 251 252 267
1069 2 0 1 3 398 397 399
1070 2 0 1 3 741 550 796
1071 2 0 1 3 486 476 782
1072 2 0 1 3 720 374 730
1073 2 0 1 3 326 292 761
1074 2 0 1 3 474 298 756
1075 2 0 1 3 464 759 785
1076 2 0 1 3 369 438 439
1077 2 0 1 3 344 402 403
1078 2 0 1 3 183 180 481
1079 2 0 1 3 433 312 822
1080 2 0 1 3 170 171 776
1081 2 0 1 3 219 220 221
1082 2 0 1 3 203 205 350
1083 2 0 1 3 406 373 422
1084 2 0 1 3 375 376 711
1085 2 0 1 3 797 707 812
1086 2 0 1 3 259 744 758
1087 2 0 1 3 205 206 207
1088 2 0 1 3 459 497 799
1089 2 0 1 3 323 352 353
1090 2 0 1 3 315 314 316
1091 2 0 1 3 339 368 369
1092 2 0 1 3 659 485 882
1093 2 0 1 3 732 170 830
1094 2 0 1 3 474 756 782
1095 2 0 1 3 494 495 496
1096 2 0 1 3 201 200 202
1097 2 0 1 3 298 265 756
1098 2 0 1 3 265 253 756
1099 2 0 1 3 766 512 827
1100 2 0 1 3 772 721 785
1101 2 0 1 3 283 282 795
1102 2 0 1 3 199 200 201
1103 2 0 1 3 726 727 768
1104 2 0 1 3 744 551 758
1105 2 0 1 3 382 320 542
1106 2 0 1 3 713 226 724
1107 2 0 1 3 860 480 871
1108 2 0 1 3 196 197 215
1109 2 0 1 3 248 259 758
1110 2 0 1 3 327 338 339
1111 2 0 1 3 321 200 765
1112 2 0 1 3 275 274 770
1113 2 0 1 3 558 548 825
1114 2 0 1 3 729 477 837
1115 2 0 1 3 560 558 819
1116 2 0 1 3 488 395 750
1117 2 0 1 3 193 189 195
1118 2 0 1 3 224 222 230
1119 2 0 1 3 274 472 770
1120 2 0 1 3 293 326 327
1121 2 0 1 3 270 280 305
1122 2 0 1 3 453 439 454
1123 2 0 1 3 253 725 756
1124 2 0 1 3 329 306 751
1125 2 0 1 3 310 309 311
1126 2 0 1 3 192 185 765
1127 2 0 1 3 263 260 264
1128 2 0 1 3 338 357 777
1129 2 0 1 3 407 803 814
1130 2 0 1 3 247 758 796
1131 2 0 1 3 537 429 538
1132 2 0 1 3 222 220 767
1133 2 0 1 3 163 166 760
1134 2 0 1 3 187 470 781
1135 2 0 1 3 217 199 706
1136 2 0 1 3 263 264 271
1137 2 0 1 3 643 488 750
1138 2 0 1 3 756 725 782
1139 2 0 1 3 317 316 342
1140 2 0 1 3 303 364 795
1141 2 0 1 3 342 393 734
1142 2 0 1 3 535 459 536
1143 2 0 1 3 634 379 849
1144 2 0 1 3 201 202 213
1145 2 0 1 3 366 420 740
1146 2 0 1 3 394 392 769
1147 2 0 1 3 221 220 222
1148 2 0 1 3 514 426 515
1149 2 0 1 3 173 176 772
1150 2 0 1 3 296 278 324
1151 2 0 1 3 215 216 240
1152 2 0 1 3 231 232 775
1153 2 0 1 3 249 707 797
1154 2 0 1 3 529 454 580
1155 2 0 1 3 196 195 197
1156 2 0 1 3 207 208 209
1157 2 0 1 3 272 291 292
1158 2 0 1 3 371 419 428
1159 2 0 1 3 313 708 787
1160 2 0 1 3 219 212 220
1161 2 0 1 3 509 601 679
1162 2 0 1 3 209 212 219
1163 2 0 1 3 342 316 392
1164 2 0 1 3 276 302 383
1165 2 0 1 3 335 334 355
1166 2 0 1 3 240 241 268
1167 2 0 1 3 232 251 775
1168 2 0 1 3 199 192 200
1169 2 0 1 3 514 515 516
1170 2 0 1 3 243 815 833
1171 2 0 1 3 342 392 393
1172 2 0 1 3 268 241 270
1173 2 0 1 3 354 688 846
1174 2 0 1 3 289 268 748
1175 2 0 1 3 288 671 764
1176 2 0 1 3 708 168 801
1177 2 0 1 3 240 216 241
1178 2 0 1 3 722 723 836
1179 2 0 1 3 671 673 764
1180 2 0 1 3 434 400 680
1181 2 0 1 3 358 342 734
1182 2 0 1 3 402 345 731
1183 2 0 1 3 209 211 212
1184 2 0 1 3 752 350 759
1185 2 0 1 3 589 441 590
1186 2 0 1 3 171 174 776
1187 2 0 1 3 480 769 786
1188 2 0 1 3 344 312 345
1189 2 0 1 3 261 285 286
1190 2 0 1 3 308 242 309
1191 2 0 1 3 215 197 216
1192 2 0 1 3 332 375 381
1193 2 0 1 3 396 500 771
1194 2 0 1 3 393 394 411
1195 2 0 1 3 489 787 801
1196 2 0 1 3 243 244 815
1197 2 0 1 3 579 578 595
1198 2 0 1 3 346 728 789
1199 2 0 1 3 758 551 796
1200 2 0 1 3 450 412 451
1201 2 0 1 3 251 267 552
1202 2 0 1 3 174 173 772
1203 2 0 1 3 812 321 817
1204 2 0 1 3 559 665 835
1205 2 0 1 3 268 270 748
1206 2 0 1 3 851 716 857
1207 2 0 1 3 476 474 782
1208 2 0 1 3 430 462 807
1209 2 0 1 3 320 271 763
1210 2 0 1 3 772 785 819
1211 2 0 1 3 463 217 706
1212 2 0 1 3 492 478 818
1213 2 0 1 3 239 256 294
1214 2 0 1 3 399 397 407
1215 2 0 1 3 272 292 293
1216 2 0 1 3 460 651 652
1217 2 0 1 3 768 313 787
1218 2 0 1 3 212 235 778
1219 2 0 1 3 721 464 785
1220 2 0 1 3 585 437 746
1221 2 0 1 3 376 531 711
1222 2 0 1 3 819 558 825
1223 2 0 1 3 606 451 607
1224 2 0 1 3 271 264 272
1225 2 0 1 3 344 345 402
1226 2 0 1 3 293 292 326
1227 2 0 1 3 189 187 781
1228 2 0 1 3 486 797 812
1229 2 0 1 3 510 402 513
1230 2 0 1 3 327 326 338
1231 2 0 1 3 385 387 498
1232 2 0 1 3 369 368 438
1233 2 0 1 3 495 415 575
1234 2 0 1 3 403 402 510
1235 2 0 1 3 195 189 781
1236 2 0 1 3 381 459 535
1237 2 0 1 3 251 552 775
1238 2 0 1 3 425 329 751
1239 2 0 1 3 314 775 800
1240 2 0 1 3 264 260 832
1241 2 0 1 3 230 222 767
1242 2 0 1 3 607 451 872
1243 2 0 1 3 272 293 763
1244 2 0 1 3 466 465 816
1245 2 0 1 3 428 429 537
1246 2 0 1 3 314 231 775
1247 2 0 1 3 339 338 368
1248 2 0 1 3 164 722 831
1249 2 0 1 3 293 327 784
1250 2 0 1 3 242 228 713
1251 2 0 1 3 428 537 549
1252 2 0 1 3 260 258 806
1253 2 0 1 3 321 765 817
1254 2 0 1 3 438 368 445
1255 2 0 1 3 496 495 783
1256 2 0 1 3 538 578 579
1257 2 0 1 3 767 220 778
1258 2 0 1 3 396 356 397
1259 2 0 1 3 839 840 841
1260 2 0 1 3 784 354 813
1261 2 0 1 3 571 445 572
1262 2 0 1 3 282 303 795
1263 2 0 1 3 543 542 813
1264 2 0 1 3 542 320 763
1265 2 0 1 3 535 536 702
1266 2 0 1 3 580 454 581
1267 2 0 1 3 513 402 731
1268 2 0 1 3 511 510 794
1269 2 0 1 3 439 438 790
1270 2 0 1 3 399 407 408
1271 2 0 1 3 654 546 798
1272 2 0 1 3 492 818 831
1273 2 0 1 3 450 606 608
1274 2 0 1 3 328 371 780
1275 2 0 1 3 383 384 385
1276 2 0 1 3 486 782 797
1277 2 0 1 3 561 433 845
1278 2 0 1 3 586 511 594
1279 2 0 1 3 364 485 795
1280 2 0 1 3 271 272 763
1281 2 0 1 3 471 411 788
1282 2 0 1 3 551 741 796
1283 2 0 1 3 183 481 791
1284 2 0 1 3 411 412 450
1285 2 0 1 3 435 501 597
1286 2 0 1 3 405 449 490
1287 2 0 1 3 305 805 826
1288 2 0 1 3 364 414 485
1289 2 0 1 3 356 355 405
1290 2 0 1 3 347 318 380
1291 2 0 1 3 725 249 797
1292 2 0 1 3 353 415 494
1293 2 0 1 3 549 537 717
1294 2 0 1 3 775 552 800
1295 2 0 1 3 510 513 528
1296 2 0 1 3 311 312 344
1297 2 0 1 3 498 387 553
1298 2 0 1 3 361 362 416
1299 2 0 1 3 438 445 571
1300 2 0 1 3 787 708 801
1301 2 0 1 3 726 768 787
1302 2 0 1 3 495 575 576
1303 2 0 1 3 575 415 740
1304 2 0 1 3 392 316 800
1305 2 0 1 3 385 384 386
1306 2 0 1 3 536 459 799
1307 2 0 1 3 185 183 791
1308 2 0 1 3 408 441 517
1309 2 0 1 3 681 417 682
1310 2 0 1 3 353 366 415
1311 2 0 1 3 765 185 791
1312 2 0 1 3 494 415 495
1313 2 0 1 3 198 218 808
1314 2 0 1 3 489 801 818
1315 2 0 1 3 49 50 110
1316 2 0 1 3 537 538 802
1317 2 0 1 3 796 550 815
1318 2 0 1 3 220 212 778
1319 2 0 1 3 311 309 312
1320 2 0 1 3 73 74 111
1321 2 0 1 3 865 294 867
1322 2 0 1 3 207 754 804
1323 2 0 1 3 350 205 804
1324 2 0 1 3 590 441 814
1325 2 0 1 3 305 280 805
1326 2 0 1 3 454 439 790
1327 2 0 1 3 417 358 734
1328 2 0 1 3 286 334 335
1329 2 0 1 3 290 332 792
1330 2 0 1 3 698 821 853
1331 2 0 1 3 579 595 596
1332 2 0 1 3 836 723 843
1333 2 0 1 3 435 499 501
1334 2 0 1 3 559 835 851
1335 2 0 1 3 97 98 112
1336 2 0 1 3 258 279 806
1337 2 0 1 3 542 784 813
1338 2 0 1 3 408 407 441
1339 2 0 1 3 553 387 554
1340 2 0 1 3 205 207 804
1341 2 0 1 3 597 501 598
1342 2 0 1 3 280 323 805
1343 2 0 1 3 761 340 879
1344 2 0 1 3 371 428 780
1345 2 0 1 3 450 451 606
1346 2 0 1 3 397 356 803
1347 2 0 1 3 420 719 740
1348 2 0 1 3 435 362 499
1349 2 0 1 3 821 498 853
1350 2 0 1 3 407 397 803
1351 2 0 1 3 425 685 848
1352 2 0 1 3 377 333 705
1353 2 0 1 3 438 571 790
1354 2 0 1 3 782 725 797
1355 2 0 1 3 493 486 812
1356 2 0 1 3 465 430 807
1357 2 0 1 3 669 668 861
1358 2 0 1 3 296 324 793
1359 2 0 1 3 445 368 777
1360 2 0 1 3 318 296 793
1361 2 0 1 3 335 356 396
1362 2 0 1 3 490 449 568
1363 2 0 1 3 785 560 819
1364 2 0 1 3 493 812 817
1365 2 0 1 3 727 493 817
1366 2 0 1 3 549 717 832
1367 2 0 1 3 323 353 805
1368 2 0 1 3 478 489 818
1369 2 0 1 3 517 441 589
1370 2 0 1 3 815 550 833
1371 2 0 1 3 191 808 828
1372 2 0 1 3 420 718 719
1373 2 0 1 3 316 314 800
1374 2 0 1 3 368 338 777
1375 2 0 1 3 557 559 851
1376 2 0 1 3 244 247 815
1377 2 0 1 3 374 284 730
1378 2 0 1 3 335 355 356
1379 2 0 1 3 483 466 816
1380 2 0 1 3 831 722 836
1381 2 0 1 3 538 579 802
1382 2 0 1 3 778 235 829
1383 2 0 1 3 332 381 792
1384 2 0 1 3 356 405 803
1385 2 0 1 3 385 386 387
1386 2 0 1 3 806 549 832
1387 2 0 1 3 717 537 802
1388 2 0 1 3 353 494 805
1389 2 0 1 3 838 357 842
1390 2 0 1 3 546 543 813
1391 2 0 1 3 428 549 780
1392 2 0 1 3 681 682 683
1393 2 0 1 3 422 373 455
1394 2 0 1 3 405 490 803
1395 2 0 1 3 495 576 783
1396 2 0 1 3 415 366 740
1397 2 0 1 3 521 416 773
1398 2 0 1 3 594 511 794
1399 2 0 1 3 380 318 793
1400 2 0 1 3 247 796 815
1401 2 0 1 3 581 454 790
1402 2 0 1 3 286 771 829
1403 2 0 1 3 516 515 534
1404 2 0 1 3 805 494 826
1405 2 0 1 3 589 590 611
1406 2 0 1 3 510 528 794
1407 2 0 1 3 698 755 821
1408 2 0 1 3 437 377 779
1409 2 0 1 3 435 597 773
1410 2 0 1 3 845 844 873
1411 2 0 1 3 483 816 830
1412 2 0 1 3 676 497 849
1413 2 0 1 3 516 534 574
1414 2 0 1 3 150 151 640
1415 2 0 1 3 818 715 831
1416 2 0 1 3 450 608 788
1417 2 0 1 3 324 729 820
1418 2 0 1 3 416 362 435
1419 2 0 1 3 361 330 362
1420 2 0 1 3 426 425 848
1421 2 0 1 3 740 719 810
1422 2 0 1 3 494 496 826
1423 2 0 1 3 433 822 844
1424 2 0 1 3 573 777 838
1425 2 0 1 3 261 286 829
1426 2 0 1 3 804 754 835
1427 2 0 1 3 51 52 134
1428 2 0 1 3 683 682 684
1429 2 0 1 3 151 149 152
1430 2 0 1 3 75 76 135
1431 2 0 1 3 627 626 880
1432 2 0 1 3 411 450 788
1433 2 0 1 3 381 535 792
1434 2 0 1 3 823 748 852
1435 2 0 1 3 174 819 825
1436 2 0 1 3 777 357 838
1437 2 0 1 3 269 792 854
1438 2 0 1 3 25 26 113
1439 2 0 1 3 550 491 833
1440 2 0 1 3 470 709 859
1441 2 0 1 3 547 483 830
1442 2 0 1 3 505 398 847
1443 2 0 1 3 99 100 136
1444 2 0 1 3 235 261 829
1445 2 0 1 3 714 243 833
1446 2 0 1 3 336 766 827
1447 2 0 1 3 715 164 831
1448 2 0 1 3 554 387 824
1449 2 0 1 3 670 669 837
1450 2 0 1 3 174 772 819
1451 2 0 1 3 444 599 600
1452 2 0 1 3 416 435 773
1453 2 0 1 3 776 174 825
1454 2 0 1 3 778 829 858
1455 2 0 1 3 455 878 880
1456 2 0 1 3 755 383 821
1457 2 0 1 3 833 491 850
1458 2 0 1 3 289 748 823
1459 2 0 1 3 441 407 814
1460 2 0 1 3 385 498 821
1461 2 0 1 3 848 660 869
1462 2 0 1 3 312 309 822
1463 2 0 1 3 739 470 859
1464 2 0 1 3 810 719 811
1465 2 0 1 3 793 324 820
1466 2 0 1 3 566 434 680
1467 2 0 1 3 502 504 867
1468 2 0 1 3 573 838 839
1469 2 0 1 3 451 412 860
1470 2 0 1 3 27 28 137
1471 2 0 1 3 553 860 871
1472 2 0 1 3 814 490 855
1473 2 0 1 3 716 299 857
1474 2 0 1 3 386 444 824
1475 2 0 1 3 242 713 822
1476 2 0 1 3 309 242 822
1477 2 0 1 3 714 833 850
1478 2 0 1 3 260 806 832
1479 2 0 1 3 813 354 846
1480 2 0 1 3 746 437 779
1481 2 0 1 3 712 714 850
1482 2 0 1 3 150 640 834
1483 2 0 1 3 330 289 823
1484 2 0 1 3 499 823 852
1485 2 0 1 3 753 492 836
1486 2 0 1 3 575 740 810
1487 2 0 1 3 492 831 836
1488 2 0 1 3 561 845 847
1489 2 0 1 3 383 385 821
1490 2 0 1 3 546 813 846
1491 2 0 1 3 387 386 824
1492 2 0 1 3 669 820 837
1493 2 0 1 3 398 399 847
1494 2 0 1 3 299 712 856
1495 2 0 1 3 499 362 823
1496 2 0 1 3 754 325 835
1497 2 0 1 3 377 705 779
1498 2 0 1 3 477 753 843
1499 2 0 1 3 753 836 843
1500 2 0 1 3 490 568 855
1501 2 0 1 3 712 850 856
1502 2 0 1 3 299 856 857
1503 2 0 1 3 835 325 851
1504 2 0 1 3 521 773 774
1505 2 0 1 3 713 724 844
1506 2 0 1 3 362 330 823
1507 2 0 1 3 325 716 851
1508 2 0 1 3 305 826 852
1509 2 0 1 3 491 742 850
1510 2 0 1 3 19 20 102
1511 2 0 1 3 822 713 844
1512 2 0 1 3 792 535 854
1513 2 0 1 3 357 761 842
1514 2 0 1 3 847 399 866
1515 2 0 1 3 444 600 824
1516 2 0 1 3 600 599 603
1517 2 0 1 3 239 294 865
1518 2 0 1 3 829 771 858
1519 2 0 1 3 748 305 852
1520 2 0 1 3 850 742 856
1521 2 0 1 3 553 554 872
1522 2 0 1 3 845 505 847
1523 2 0 1 3 645 865 867
1524 2 0 1 3 496 783 870
1525 2 0 1 3 862 496 870
1526 2 0 1 3 515 426 848
1527 2 0 1 3 267 698 853
1528 2 0 1 3 556 557 857
1529 2 0 1 3 798 546 846
1530 2 0 1 3 820 729 837
1531 2 0 1 3 53 3 118
1532 2 0 1 3 77 5 119
1533 2 0 1 3 742 556 856
1534 2 0 1 3 826 496 862
1535 2 0 1 3 808 218 865
1536 2 0 1 3 561 847 866
1537 2 0 1 3 827 512 863
1538 2 0 1 3 856 556 857
1539 2 0 1 3 704 294 876
1540 2 0 1 3 101 2 121
1541 2 0 1 3 709 307 859
1542 2 0 1 3 844 724 873
1543 2 0 1 3 731 561 866
1544 2 0 1 3 29 4 120
1545 2 0 1 3 786 267 853
1546 2 0 1 3 535 702 854
1547 2 0 1 3 294 256 876
1548 2 0 1 3 645 808 865
1549 2 0 1 3 590 814 855
1550 2 0 1 3 771 500 858
1551 2 0 1 3 767 778 858
1552 2 0 1 3 380 710 878
1553 2 0 1 3 412 480 860
1554 2 0 1 3 731 866 877
1555 2 0 1 3 433 844 845
1556 2 0 1 3 480 786 871
1557 2 0 1 3 347 380 878
1558 2 0 1 3 858 500 868
1559 2 0 1 3 767 858 868
1560 2 0 1 3 874 513 877
1561 2 0 1 3 793 820 861
1562 2 0 1 3 852 826 862
1563 2 0 1 3 860 553 872
1564 2 0 1 3 455 373 878
1565 2 0 1 3 501 499 862
1566 2 0 1 3 380 793 861
1567 2 0 1 3 802 579 879
1568 2 0 1 3 500 505 868
1569 2 0 1 3 218 239 865
1570 2 0 1 3 878 710 880
1571 2 0 1 3 820 669 861
1572 2 0 1 3 504 645 867
1573 2 0 1 3 505 845 873
1574 2 0 1 3 340 802 879
1575 2 0 1 3 868 505 873
1576 2 0 1 3 501 862 870
1577 2 0 1 3 724 230 873
1578 2 0 1 3 515 848 869
1579 2 0 1 3 399 408 866
1580 2 0 1 3 528 874 875
1581 2 0 1 3 499 852 862
1582 2 0 1 3 513 731 877
1583 2 0 1 3 230 767 868
1584 2 0 1 3 230 868 873
1585 2 0 1 3 657 283 881
1586 2 0 1 3 451 860 872
1587 2 0 1 3 598 501 870
1588 2 0 1 3 517 874 877
1589 2 0 1 3 498 553 871
1590 2 0 1 3 866 408 877
1591 2 0 1 3 283 795 881
1592 2 0 1 3 534 515 869
1593 2 0 1 3 256 283 876
1594 2 0 1 3 554 824 864
1595 2 0 1 3 853 498 871
1596 2 0 1 3 528 513 874
1597 2 0 1 3 373 347 878
1598 2 0 1 3 786 853 871
1599 2 0 1 3 408 517 877
1600 2 0 1 3 824 600 864
1601 2 0 1 3 485 414 882
1602 2 0 1 3 579 596 879
1603 2 0 1 3 150 149 151
1604 2 0 1 3 147 150 629
1605 2 0 1 3 710 627 880
1606 2 0 1 3 795 485 881
1607 2 0 1 3 414 520 882
1608 2 0 1 3 147 149 150
1609 2 0 1 3 147 148 149
1610 2 0 1 3 147 145 148
1611 2 0 1 3 146 145 147
1612 2 0 1 3 143 145 146
1613 2 0 1 3 143 144 145
1614 2 0 1 3 143 141 144
1615 2 0 1 3 142 143 625
1616 2 0 1 3 584 142 622
1617 2 0 1 3 142 141 143
1618 2 0 1 3 140 142 584
1619 2 0 1 3 449 524 883
1620 2 0 1 3 616 577 617
1621 2 0 1 3 140 141 142
1622 2 0 1 3 145 144 884
1623 2 0 1 3 624 628 884
1624 2 0 1 3 628 148 884
1625 2 0 1 3 568 449 883
1626 2 0 1 3 109 855 960
1627 2 0 1 3 148 145 884
1628 2 0 1 3 139 577 616
1629 2 0 1 3 140 139 141
1630 2 0 1 3 594 907 987
1631 2 0 1 3 443 452 886
1632 2 0 1 3 609 610 940
1633 2 0 1 3 718 604 887
1634 2 0 1 3 811 719 887
1635 2 0 1 3 57 609 940
1636 2 0 1 3 568 883 885
1637 2 0 1 3 139 138 577
1638 2 0 1 3 122 139 140
1639 2 0 1 3 140 584 889
1640 2 0 1 3 599 506 888
1641 2 0 1 3 913 576 964
1642 2 0 1 3 523 443 886
1643 2 0 1 3 40 122 889
1644 2 0 1 3 39 40 889
1645 2 0 1 3 586 594 987
1646 2 0 1 3 719 718 887
1647 2 0 1 3 519 514 891
1648 2 0 1 3 516 612 891
1649 2 0 1 3 111 901 930
1650 2 0 1 3 580 581 898
1651 2 0 1 3 841 840 892
1652 2 0 1 3 596 595 892
1653 2 0 1 3 649 128 962
1654 2 0 1 3 841 892 965
1655 2 0 1 3 613 564 894
1656 2 0 1 3 790 571 896
1657 2 0 1 3 608 909 910
1658 2 0 1 3 680 681 899
1659 2 0 1 3 506 562 888
1660 2 0 1 3 617 577 969
1661 2 0 1 3 875 874 900
1662 2 0 1 3 517 589 900
1663 2 0 1 3 895 566 899
1664 2 0 1 3 631 614 927
1665 2 0 1 3 746 526 928
1666 2 0 1 3 620 110 921
1667 2 0 1 3 894 566 895
1668 2 0 1 3 122 140 889
1669 2 0 1 3 581 896 897
1670 2 0 1 3 908 125 937
1671 2 0 1 3 514 516 891
1672 2 0 1 3 520 518 930
1673 2 0 1 3 895 899 993
1674 2 0 1 3 892 120 965
1675 2 0 1 3 870 783 932
1676 2 0 1 3 619 113 938
1677 2 0 1 3 840 596 892
1678 2 0 1 3 580 898 956
1679 2 0 1 3 564 566 894
1680 2 0 1 3 969 104 985
1681 2 0 1 3 129 618 945
1682 2 0 1 3 942 774 949
1683 2 0 1 3 581 897 898
1684 2 0 1 3 122 138 139
1685 2 0 1 3 581 790 896
1686 2 0 1 3 113 924 938
1687 2 0 1 3 571 572 963
1688 2 0 1 3 883 524 935
1689 2 0 1 3 566 680 899
1690 2 0 1 3 639 522 937
1691 2 0 1 3 121 883 935
1692 2 0 1 3 703 619 938
1693 2 0 1 3 938 924 946
1694 2 0 1 3 899 123 993
1695 2 0 1 3 874 517 900
1696 2 0 1 3 863 586 945
1697 2 0 1 3 618 574 945
1698 2 0 1 3 635 520 901
1699 2 0 1 3 128 649 982
1700 2 0 1 3 904 683 905
1701 2 0 1 3 925 888 948
1702 2 0 1 3 41 42 138
1703 2 0 1 3 122 41 138
1704 2 0 1 3 92 93 903
1705 2 0 1 3 64 123 904
1706 2 0 1 3 44 45 902
1707 2 0 1 3 114 62 905
1708 2 0 1 3 61 114 910
1709 2 0 1 3 85 115 912
1710 2 0 1 3 20 21 917
1711 2 0 1 3 16 129 907
1712 2 0 1 3 108 80 913
1713 2 0 1 3 106 32 915
1714 2 0 1 3 130 59 909
1715 2 0 1 3 62 63 905
1716 2 0 1 3 131 83 911
1717 2 0 1 3 59 60 909
1718 2 0 1 3 83 84 911
1719 2 0 1 3 82 131 914
1720 2 0 1 3 34 132 916
1721 2 0 1 3 13 117 919
1722 2 0 1 3 81 82 914
1723 2 0 1 3 33 34 916
1724 2 0 1 3 63 64 904
1725 2 0 1 3 105 92 903
1726 2 0 1 3 46 125 908
1727 2 0 1 3 94 127 906
1728 2 0 1 3 104 44 902
1729 2 0 1 3 93 94 906
1730 2 0 1 3 45 46 908
1731 2 0 1 3 15 16 907
1732 2 0 1 3 60 61 910
1733 2 0 1 3 84 85 912
1734 2 0 1 3 80 81 913
1735 2 0 1 3 32 33 915
1736 2 0 1 3 12 13 919
1737 2 0 1 3 125 47 918
1738 2 0 1 3 47 48 918
1739 2 0 1 3 50 51 921
1740 2 0 1 3 48 49 920
1741 2 0 1 3 72 73 923
1742 2 0 1 3 98 99 922
1743 2 0 1 3 26 27 924
1744 2 0 1 3 49 110 920
1745 2 0 1 3 73 111 923
1746 2 0 1 3 102 20 917
1747 2 0 1 3 110 50 921
1748 2 0 1 3 112 98 922
1749 2 0 1 3 52 53 925
1750 2 0 1 3 100 101 926
1751 2 0 1 3 51 134 921
1752 2 0 1 3 99 136 922
1753 2 0 1 3 113 26 924
1754 2 0 1 3 27 137 924
1755 2 0 1 3 134 52 925
1756 2 0 1 3 136 100 926
1757 2 0 1 3 53 118 925
1758 2 0 1 3 101 121 926
1759 2 0 1 3 104 902 985
1760 2 0 1 3 611 9 975
1761 2 0 1 3 526 521 943
1762 2 0 1 3 898 116 956
1763 2 0 1 3 614 615 927
1764 2 0 1 3 95 96 929
1765 2 0 1 3 747 746 928
1766 2 0 1 3 527 631 952
1767 2 0 1 3 584 622 956
1768 2 0 1 3 9 611 984
1769 2 0 1 3 573 839 957
1770 2 0 1 3 127 95 929
1771 2 0 1 3 605 136 981
1772 2 0 1 3 855 568 960
1773 2 0 1 3 113 619 936
1774 2 0 1 3 102 612 966
1775 2 0 1 3 864 600 961
1776 2 0 1 3 588 567 962
1777 2 0 1 3 648 649 962
1778 2 0 1 3 116 38 931
1779 2 0 1 3 126 71 933
1780 2 0 1 3 110 620 973
1781 2 0 1 3 889 584 931
1782 2 0 1 3 38 39 931
1783 2 0 1 3 518 570 930
1784 2 0 1 3 111 74 934
1785 2 0 1 3 75 135 934
1786 2 0 1 3 662 569 971
1787 2 0 1 3 528 875 972
1788 2 0 1 3 576 914 977
1789 2 0 1 3 620 621 973
1790 2 0 1 3 25 113 936
1791 2 0 1 3 593 635 967
1792 2 0 1 3 43 104 939
1793 2 0 1 3 684 788 958
1794 2 0 1 3 587 585 992
1795 2 0 1 3 598 870 932
1796 2 0 1 3 56 57 940
1797 2 0 1 3 907 594 953
1798 2 0 1 3 562 591 948
1799 2 0 1 3 87 88 942
1800 2 0 1 3 638 639 979
1801 2 0 1 3 864 961 988
1802 2 0 1 3 577 138 939
1803 2 0 1 3 605 679 941
1804 2 0 1 3 128 23 944
1805 2 0 1 3 649 917 982
1806 2 0 1 3 97 112 947
1807 2 0 1 3 875 919 972
1808 2 0 1 3 63 904 905
1809 2 0 1 3 909 60 910
1810 2 0 1 3 911 84 912
1811 2 0 1 3 913 81 914
1812 2 0 1 3 903 93 906
1813 2 0 1 3 915 33 916
1814 2 0 1 3 902 45 908
1815 2 0 1 3 918 48 920
1816 2 0 1 3 86 87 949
1817 2 0 1 3 133 11 950
1818 2 0 1 3 5 78 951
1819 2 0 1 3 679 601 941
1820 2 0 1 3 71 72 933
1821 2 0 1 3 773 597 968
1822 2 0 1 3 39 889 931
1823 2 0 1 3 117 14 953
1824 2 0 1 3 124 89 954
1825 2 0 1 3 30 31 955
1826 2 0 1 3 570 923 930
1827 2 0 1 3 941 601 994
1828 2 0 1 3 923 570 933
1829 2 0 1 3 747 928 954
1830 2 0 1 3 74 75 934
1831 2 0 1 3 131 911 932
1832 2 0 1 3 923 111 930
1833 2 0 1 3 4 30 965
1834 2 0 1 3 524 582 935
1835 2 0 1 3 578 539 946
1836 2 0 1 3 19 102 966
1837 2 0 1 3 24 25 936
1838 2 0 1 3 66 67 959
1839 2 0 1 3 522 523 937
1840 2 0 1 3 72 923 933
1841 2 0 1 3 612 618 966
1842 2 0 1 3 126 933 952
1843 2 0 1 3 91 105 970
1844 2 0 1 3 901 111 934
1845 2 0 1 3 539 703 938
1846 2 0 1 3 919 875 950
1847 2 0 1 3 610 864 988
1848 2 0 1 3 70 126 974
1849 2 0 1 3 810 108 964
1850 2 0 1 3 932 783 977
1851 2 0 1 3 9 10 975
1852 2 0 1 3 55 107 976
1853 2 0 1 3 42 43 939
1854 2 0 1 3 37 116 978
1855 2 0 1 3 22 128 982
1856 2 0 1 3 78 79 983
1857 2 0 1 3 8 9 984
1858 2 0 1 3 65 66 993
1859 2 0 1 3 3 54 986
1860 2 0 1 3 747 954 970
1861 2 0 1 3 107 56 940
1862 2 0 1 3 138 42 939
1863 2 0 1 3 112 941 994
1864 2 0 1 3 117 794 972
1865 2 0 1 3 929 96 947
1866 2 0 1 3 811 887 951
1867 2 0 1 3 88 124 942
1868 2 0 1 3 521 774 943
1869 2 0 1 3 602 929 947
1870 2 0 1 3 576 575 964
1871 2 0 1 3 23 24 944
1872 2 0 1 3 968 597 989
1873 2 0 1 3 106 915 957
1874 2 0 1 3 933 570 952
1875 2 0 1 3 12 919 950
1876 2 0 1 3 595 578 990
1877 2 0 1 3 940 610 988
1878 2 0 1 3 574 863 945
1879 2 0 1 3 928 124 954
1880 2 0 1 3 898 897 978
1881 2 0 1 3 96 97 947
1882 2 0 1 3 15 907 953
1883 2 0 1 3 887 119 951
1884 2 0 1 3 582 605 981
1885 2 0 1 3 116 898 978
1886 2 0 1 3 888 562 948
1887 2 0 1 3 608 910 958
1888 2 0 1 3 575 810 964
1889 2 0 1 3 948 591 991
1890 2 0 1 3 115 86 949
1891 2 0 1 3 926 121 935
1892 2 0 1 3 11 12 950
1893 2 0 1 3 119 5 951
1894 2 0 1 3 788 608 958
1895 2 0 1 3 970 105 992
1896 2 0 1 3 126 927 974
1897 2 0 1 3 570 527 952
1898 2 0 1 3 14 15 953
1899 2 0 1 3 24 936 944
1900 2 0 1 3 681 683 980
1901 2 0 1 3 89 90 954
1902 2 0 1 3 539 938 946
1903 2 0 1 3 31 106 955
1904 2 0 1 3 597 598 989
1905 2 0 1 3 622 580 956
1906 2 0 1 3 683 904 980
1907 2 0 1 3 893 595 990
1908 2 0 1 3 67 103 959
1909 2 0 1 3 572 573 957
1910 2 0 1 3 934 135 967
1911 2 0 1 3 917 21 982
1912 2 0 1 3 112 922 941
1913 2 0 1 3 131 932 977
1914 2 0 1 3 927 615 974
1915 2 0 1 3 899 681 980
1916 2 0 1 3 600 603 961
1917 2 0 1 3 961 107 988
1918 2 0 1 3 568 885 960
1919 2 0 1 3 924 137 946
1920 2 0 1 3 894 895 959
1921 2 0 1 3 783 576 977
1922 2 0 1 3 567 648 962
1923 2 0 1 3 896 571 963
1924 2 0 1 3 638 920 973
1925 2 0 1 3 134 925 948
1926 2 0 1 3 639 937 979
1927 2 0 1 3 633 906 971
1928 2 0 1 3 120 4 965
1929 2 0 1 3 906 127 971
1930 2 0 1 3 774 773 968
1931 2 0 1 3 103 894 959
1932 2 0 1 3 901 934 967
1933 2 0 1 3 18 19 966
1934 2 0 1 3 134 948 991
1935 2 0 1 3 132 896 963
1936 2 0 1 3 123 899 980
1937 2 0 1 3 90 91 970
1938 2 0 1 3 569 633 971
1939 2 0 1 3 910 114 958
1940 2 0 1 3 774 942 943
1941 2 0 1 3 107 961 976
1942 2 0 1 3 794 528 972
1943 2 0 1 3 916 132 963
1944 2 0 1 3 591 620 991
1945 2 0 1 3 621 638 973
1946 2 0 1 3 942 124 943
1947 2 0 1 3 69 70 974
1948 2 0 1 3 886 617 969
1949 2 0 1 3 954 90 970
1950 2 0 1 3 10 133 975
1951 2 0 1 3 54 55 976
1952 2 0 1 3 620 921 991
1953 2 0 1 3 945 586 987
1954 2 0 1 3 36 37 978
1955 2 0 1 3 21 22 982
1956 2 0 1 3 108 913 964
1957 2 0 1 3 79 108 983
1958 2 0 1 3 115 968 989
1959 2 0 1 3 109 8 984
1960 2 0 1 3 747 970 992
1961 2 0 1 3 118 3 986
1962 2 0 1 3 635 901 967
1963 2 0 1 3 601 602 994
1964 2 0 1 3 585 747 992
1965 2 0 1 3 123 65 993
1966 2 0 1 3 919 117 972
1967 2 0 1 3 523 886 985
1968 2 0 1 3 920 110 973
1969 2 0 1 3 107 940 988
1970 2 0 1 3 937 125 979
1971 2 0 1 3 886 969 985
1972 2 0 1 3 914 131 977
1973 2 0 1 3 125 918 979
1974 2 0 1 3 904 123 980
1975 2 0 1 3 136 926 981
1976 2 0 1 3 137 893 990
1977 2 0 1 3 935 582 981
1978 2 0 1 3 926 935 981
1979 2 0 1 3 578 946 990
1980 2 0 1 3 949 774 968
1981 2 0 1 3 947 112 994
1982 2 0 1 3 907 129 987
1983 2 0 1 3 912 115 989
1984 2 0 1 3 115 949 968
1985 2 0 1 3 921 134 991
1986 2 0 1 3 961 603 976
1987 2 0 1 3 946 137 990
1988 2 0 1 3 129 945 987
1989 2 0 1 3 602 947 994
$ENDELM
