$NOD
96
1 0 0 -0
2 3.141592653589793 -0 0
3 -3.141592653589793 -0 -0
4 0 3.141592653589793 -0
5 0 -3.141592653589793 0
6 3.062826366254949 0.6990701332934074 0
7 2.830477174715176 1.363085971061897 0
8 2.456196037700323 1.958750986081333 0
9 1.958750976212507 2.456196045570449 0
10 1.363085963422619 2.830477178394058 0
11 0.6990701292238964 3.062826367183789 0
12 -0.6990701332934074 3.062826366254949 0
13 -1.363085971061897 2.830477174715176 0
14 -1.958750986081333 2.456196037700323 0
15 -2.456196045570449 1.958750976212507 0
16 -2.830477178394058 1.363085963422619 0
17 -3.062826367183789 0.6990701292238964 0
18 -3.062826366254949 -0.6990701332934074 0
19 -2.830477174715176 -1.363085971061897 0
20 -2.456196037700323 -1.958750986081333 0
21 -1.958750976212507 -2.456196045570449 0
22 -1.363085963422619 -2.830477178394058 0
23 -0.6990701292238964 -3.062826367183789 0
24 0.6990701332934074 -3.062826366254949 0
25 1.363085971061897 -2.830477174715176 0
26 1.958750986081333 -2.456196037700323 0
27 2.456196045570449 -1.958750976212507 0
28 2.830477178394058 -1.363085963422619 0
29 3.062826367183789 -0.6990701292238964 0
30 2.408932416234635 -0.3186480058610419 0
31 -2.535560456536974 0.3147398129045981 0
32 -0.2506868464219018 -2.548785455739241 0
33 0.3314521241221892 2.478938927209105 0
34 1.326754738356584 -2.182580278172468 0
35 -2.127475571905092 -1.3367815062934 0
36 -1.343167988734614 2.153539306077542 0
37 2.127475571905092 1.3367815062934 0
38 -1.352829811207009 -2.12559766732971 0
39 -2.110992081868407 1.330587732950902 0
40 1.319428444870243 2.163697278476071 0
41 2.154651268174025 -1.326510146358675 0
42 -2.471420894359292 -0.8774675311273309 0
43 -1.832300614893623 -0.7574268414182056 0
44 -1.420680752816894 -1.393018094361306 0
45 -1.135172439896489 -0.6790416182473008 0
46 -0.7314970667219444 -1.23037534815467 0
47 -0.4366059324343479 -0.5954412125958953 0
48 -0.844350322570152 -0.02208814281511425 0
49 -0.142831798017319 0.04689058862647146 0
50 0.2635822095373174 -0.5278181506911136 0
51 0.5579631119731101 0.1117971295644308 0
52 0.1512243490982758 0.6866676968780558 0
53 0.9641330481266538 -0.4626770948934082 0
54 1.258501574522261 0.1763829162253046 0
55 0.6681577559130039 -1.084581563083935 0
56 1.65496463945099 -0.37207203748236 0
57 1.939530197810071 0.232928535985835 0
58 1.586285841282072 0.7752945624304717 0
59 -1.537878779896398 -0.1236003404820604 0
60 -1.242420592476183 0.5484555321150671 0
61 -0.5490235594088372 0.6196114534973616 0
62 -0.2554606285376758 1.254826546180238 0
63 0.4403122846282737 1.313871162579768 0
64 -0.9371554872941219 1.154298113325996 0
65 -0.7232737094632713 1.839245179705777 0
66 -0.03118199098356745 -1.163035241490412 0
67 0.379985464401125 -1.630717245614523 0
68 1.478251211530162 -1.07445527949128 0
69 0.856826326362941 0.7421946058118037 0
70 1.271945465311484 1.448319624112528 0
71 -0.3287637144067952 -1.85819237129824 0
72 0.02727173623718626 1.865032409358289 0
73 0.7108638666583806 1.961636238039785 0
74 -1.943149061962888 0.5115826025650622 0
75 -0.3291751294150003 2.425152215930082 0
76 -2.308914417770264 -0.2731632650723521 0
77 1.072078151653485 -1.590866293420853 0
78 2.549214363114166 0.2758336045967175 0
79 -1.51580402492309 1.025522134665418 0
80 -1.863186629968365 -1.854068859927239 0
81 -1.863285993572357 1.877204707452658 0
82 0.8978159097202173 -2.54097985202629 0
83 0.3747934765228705 -2.576330717059655 0
84 1.82675929919993 1.872749088106756 0
85 1.741113733561006 -1.764893168559351 0
86 -0.8145501206717426 -2.366687413367239 0
87 -2.496601029189223 0.8438132482134155 0
88 2.490857186823406 -0.8910621061516347 0
89 0.8847801056594655 2.499515197860561 0
90 -0.8938750900102842 2.496040884412647 0
91 2.349301585846921 0.7804990522769545 0
92 -0.8928642593482351 -1.774245440258401 0
93 -1.41561321430931 1.563399529029715 0
94 2.01791881964428 -0.8065332263887202 0
95 0.1958648567689448 -2.122886983210548 0
96 0.7353431864787915 -2.076826580086063 0
$ENDNOD
$ELM
193
1 15 0 1 1 1
2 15 0 2 1 2
3 15 0 3 1 3
4 15 0 4 1 4
5 15 0 5 1 5
6 1 0 1 2 2 6
7 1 0 1 2 6 7
8 1 0 1 2 7 8
9 1 0 1 2 8 9
10 1 0 1 2 9 10
11 1 0 1 2 10 11
12 1 0 1 2 11 4
13 1 0 2 2 4 12
14 1 0 2 2 12 13
15 1 0 2 2 13 14
16 1 0 2 2 14 15
17 1 0 2 2 15 16
18 1 0 2 2 16 17
19 1 0 2 2 17 3
20 1 0 3 2 3 18
21 1 0 3 2 18 19
22 1 0 3 2 19 20
23 1 0 3 2 20 21
24 1 0 3 2 21 22
25 1 0 3 2 22 23
26 1 0 3 2 23 5
27 1 0 4 2 5 24
28 1 0 4 2 24 25
29 1 0 4 2 25 26
30 1 0 4 2 26 27
31 1 0 4 2 27 28
32 1 0 4 2 28 29
33 1 0 4 2 29 2
34 2 0 1 3 70 37 84
35 2 0 1 3 58 37 70
36 2 0 1 3 68 77 85
37 2 0 1 3 3 18 76
38 2 0 1 3 41 68 85
39 2 0 1 3 6 7 91
40 2 0 1 3 74 39 87
41 2 0 1 3 39 74 79
42 2 0 1 3 31 3 76
43 2 0 1 3 4 12 75
44 2 0 1 3 56 30 57
45 2 0 1 3 86 71 92
46 2 0 1 3 32 71 86
47 2 0 1 3 40 70 84
48 2 0 1 3 59 74 76
49 2 0 1 3 18 42 76
50 2 0 1 3 7 37 91
51 2 0 1 3 78 6 91
52 2 0 1 3 33 4 75
53 2 0 1 3 77 34 85
54 2 0 1 3 38 44 80
55 2 0 1 3 30 56 94
56 2 0 1 3 74 31 76
57 2 0 1 3 44 38 92
58 2 0 1 3 70 40 73
59 2 0 1 3 81 39 93
60 2 0 1 3 95 83 96
61 2 0 1 3 39 79 93
62 2 0 1 3 64 62 65
63 2 0 1 3 61 62 64
64 2 0 1 3 49 52 61
65 2 0 1 3 68 41 94
66 2 0 1 3 61 52 62
67 2 0 1 3 59 48 60
68 2 0 1 3 48 49 61
69 2 0 1 3 45 48 59
70 2 0 1 3 62 52 63
71 2 0 1 3 60 48 61
72 2 0 1 3 55 50 66
73 2 0 1 3 55 66 67
74 2 0 1 3 60 61 64
75 2 0 1 3 50 47 66
76 2 0 1 3 63 52 69
77 2 0 1 3 53 55 68
78 2 0 1 3 19 20 35
79 2 0 1 3 13 14 36
80 2 0 1 3 25 26 34
81 2 0 1 3 7 8 37
82 2 0 1 3 23 5 32
83 2 0 1 3 17 3 31
84 2 0 1 3 11 4 33
85 2 0 1 3 21 22 38
86 2 0 1 3 15 16 39
87 2 0 1 3 9 10 40
88 2 0 1 3 27 28 41
89 2 0 1 3 29 2 30
90 2 0 1 3 54 57 58
91 2 0 1 3 56 53 68
92 2 0 1 3 54 56 57
93 2 0 1 3 54 53 56
94 2 0 1 3 53 50 55
95 2 0 1 3 51 53 54
96 2 0 1 3 49 51 52
97 2 0 1 3 51 50 53
98 2 0 1 3 49 50 51
99 2 0 1 3 49 47 50
100 2 0 1 3 48 47 49
101 2 0 1 3 52 51 69
102 2 0 1 3 54 58 69
103 2 0 1 3 47 46 66
104 2 0 1 3 45 47 48
105 2 0 1 3 51 54 69
106 2 0 1 3 45 46 47
107 2 0 1 3 69 58 70
108 2 0 1 3 63 69 70
109 2 0 1 3 45 44 46
110 2 0 1 3 43 45 59
111 2 0 1 3 67 66 71
112 2 0 1 3 83 82 96
113 2 0 1 3 43 59 76
114 2 0 1 3 66 46 71
115 2 0 1 3 43 44 45
116 2 0 1 3 65 62 72
117 2 0 1 3 43 35 44
118 2 0 1 3 63 70 73
119 2 0 1 3 75 12 90
120 2 0 1 3 37 58 91
121 2 0 1 3 62 63 72
122 2 0 1 3 65 36 93
123 2 0 1 3 55 67 77
124 2 0 1 3 33 72 73
125 2 0 1 3 36 65 90
126 2 0 1 3 44 35 80
127 2 0 1 3 46 44 92
128 2 0 1 3 57 30 78
129 2 0 1 3 64 65 93
130 2 0 1 3 31 74 87
131 2 0 1 3 72 63 73
132 2 0 1 3 2 6 78
133 2 0 1 3 30 2 78
134 2 0 1 3 59 60 74
135 2 0 1 3 88 30 94
136 2 0 1 3 65 72 75
137 2 0 1 3 74 60 79
138 2 0 1 3 42 35 43
139 2 0 1 3 68 55 77
140 2 0 1 3 60 64 79
141 2 0 1 3 58 57 91
142 2 0 1 3 72 33 75
143 2 0 1 3 38 86 92
144 2 0 1 3 65 75 90
145 2 0 1 3 42 43 76
146 2 0 1 3 35 20 80
147 2 0 1 3 36 14 81
148 2 0 1 3 34 26 85
149 2 0 1 3 37 8 84
150 2 0 1 3 5 24 83
151 2 0 1 3 19 35 42
152 2 0 1 3 20 21 80
153 2 0 1 3 14 15 81
154 2 0 1 3 8 9 84
155 2 0 1 3 26 27 85
156 2 0 1 3 25 34 82
157 2 0 1 3 21 38 80
158 2 0 1 3 15 39 81
159 2 0 1 3 18 19 42
160 2 0 1 3 9 40 84
161 2 0 1 3 27 41 85
162 2 0 1 3 24 25 82
163 2 0 1 3 32 5 83
164 2 0 1 3 22 23 86
165 2 0 1 3 16 17 87
166 2 0 1 3 23 32 86
167 2 0 1 3 17 31 87
168 2 0 1 3 38 22 86
169 2 0 1 3 39 16 87
170 2 0 1 3 28 29 88
171 2 0 1 3 41 28 88
172 2 0 1 3 29 30 88
173 2 0 1 3 11 33 89
174 2 0 1 3 40 10 89
175 2 0 1 3 10 11 89
176 2 0 1 3 33 73 89
177 2 0 1 3 12 13 90
178 2 0 1 3 56 68 94
179 2 0 1 3 13 36 90
180 2 0 1 3 67 95 96
181 2 0 1 3 71 46 92
182 2 0 1 3 73 40 89
183 2 0 1 3 77 67 96
184 2 0 1 3 67 71 95
185 2 0 1 3 71 32 95
186 2 0 1 3 24 82 83
187 2 0 1 3 57 78 91
188 2 0 1 3 36 81 93
189 2 0 1 3 79 64 93
190 2 0 1 3 34 77 96
191 2 0 1 3 41 88 94
192 2 0 1 3 82 34 96
193 2 0 1 3 32 83 95
$ENDELM
