$NOD
289
1 0 0 -0
2 3.141592653589793 -0 0
3 -3.141592653589793 -0 -0
4 0 3.141592653589793 -0
5 0 -3.141592653589793 0
6 3.118686905909966 0.3786771500831315 0
7 3.050303680183421 0.7518323348651839 0
8 2.937440157846623 1.114024111121193 0
9 2.78174214319835 1.459970907190827 0
10 2.585480063901466 1.784628039748739 0
11 2.351515863172037 2.083261276542054 0
12 2.083261266442536 2.351515872119429 0
13 1.784628030548643 2.585480070251834 0
14 1.459970899072636 2.781742147459106 0
15 1.11402410493641 2.937440160192202 0
16 0.7518323306829253 3.050303681214256 0
17 0.3786771480636347 3.118686906155177 0
18 -0.3786771500831315 3.118686905909966 0
19 -0.7518323348651839 3.050303680183421 0
20 -1.114024111121193 2.937440157846623 0
21 -1.459970907190827 2.78174214319835 0
22 -1.784628039748739 2.585480063901466 0
23 -2.083261276542054 2.351515863172037 0
24 -2.351515872119429 2.083261266442536 0
25 -2.585480070251834 1.784628030548643 0
26 -2.781742147459106 1.459970899072636 0
27 -2.937440160192202 1.11402410493641 0
28 -3.050303681214256 0.7518323306829253 0
29 -3.118686906155177 0.3786771480636347 0
30 -3.118686905909966 -0.3786771500831315 0
31 -3.050303680183421 -0.7518323348651839 0
32 -2.937440157846623 -1.114024111121193 0
33 -2.78174214319835 -1.459970907190827 0
34 -2.585480063901466 -1.784628039748739 0
35 -2.351515863172037 -2.083261276542054 0
36 -2.083261266442536 -2.351515872119429 0
37 -1.784628030548643 -2.585480070251834 0
38 -1.459970899072636 -2.781742147459106 0
39 -1.11402410493641 -2.937440160192202 0
40 -0.7518323306829253 -3.050303681214256 0
41 -0.3786771480636347 -3.118686906155177 0
42 0.3786771500831315 -3.118686905909966 0
43 0.7518323348651839 -3.050303680183421 0
44 1.114024111121193 -2.937440157846623 0
45 1.459970907190827 -2.78174214319835 0
46 1.784628039748739 -2.585480063901466 0
47 2.083261276542054 -2.351515863172037 0
48 2.351515872119429 -2.083261266442536 0
49 2.585480070251834 -1.784628030548643 0
50 2.781742147459106 -1.459970899072636 0
51 2.937440160192202 -1.11402410493641 0
52 3.050303681214256 -0.7518323306829253 0
53 3.118686906155177 -0.3786771480636347 0
54 -2.559992441745897 1.152159067658908 0
55 2.570636325163653 -1.127397481285702 0
56 1.176528322487038 2.547072224179936 0
57 -1.16913164702427 -2.527071254545014 0
58 2.559992436775899 1.152159073155202 0
59 1.152159073155202 -2.559992436775897 0
60 -2.559992436775899 -1.152159073155202 0
61 -0.8668382785831801 2.692338071026208 0
62 0.1685308286676339 2.854333245879015 0
63 2.805905777215707 -0.1856980896555218 0
64 -0.1829563596478116 -2.832665232645962 0
65 2.022173879730562 1.960400277236134 0
66 -2.769216013829095 -0.1675149677376203 0
67 1.965435696485233 -2.043031612439966 0
68 -2.007898179611196 -2.016481073953877 0
69 -1.985073279335717 1.98507327081003 0
70 -2.798630704817028 0.4578020047134748 0
71 2.791716095764475 0.4527927772468721 0
72 0.5093070421709669 -2.771038965247468 0
73 -1.402083805364889 2.390348703864949 0
74 2.689300048734518 0.7984523762726904 0
75 2.331549706219936 0.835982280766551 0
76 2.181451677873298 1.180032569465189 0
77 1.970281231877038 0.8726448588781671 0
78 2.1227969283643 0.5249979381472708 0
79 1.756327942633953 0.5576370699733388 0
80 1.592307732883628 0.8997334801696494 0
81 1.379950133167512 0.5852953099572477 0
82 1.214083655566248 0.9264976622614994 0
83 1.001891222953925 0.6120777623062651 0
84 1.168107405910675 0.2710624677925432 0
85 0.7897584937230302 0.2976816882986678 0
86 0.6235381829403124 0.6386964477036126 0
87 0.411324811694482 0.3242521229739455 0
88 0.5775375108928857 -0.01676726090199096 0
89 0.1991007541098201 0.009801395844939923 0
90 0.03289059608531174 0.3508222960630799 0
91 -0.1793359564100869 0.03637009111019587 0
92 -0.01312580592428202 -0.3046508154559083 0
93 -0.3915634891950973 -0.2780826969961384 0
94 -0.3455464500329027 0.3773907897620278 0
95 -0.2253531590026884 -0.6191034927996633 0
96 -0.6037909603260531 -0.5925354471663768 0
97 -0.437580630941948 -0.933556243398474 0
98 -0.05914279473935762 -0.9601242675057501 0
99 -0.1333189742344766 0.69184354325927 0
100 -0.5117566842482004 0.7184116424647708 0
101 -0.299529165426728 1.032864421564169 0
102 -0.7239841649989807 0.4039588860515654 0
103 -0.8901944799116319 0.7449796907258736 0
104 -1.102421974913876 0.4305269259032817 0
105 -0.8160184630043906 -0.9069882169022003 0
106 -0.2713702917670393 -1.274577033540879 0
107 0.1070675460017246 -1.301145056683621 0
108 1.922280764119459 0.21655991878775 0
109 -1.26863230563159 0.7715477211443044 0
110 -1.056404802936269 1.086000490561539 0
111 -1.480859804995671 0.457094953706132 0
112 -1.314649469962777 0.1160741611309524 0
113 0.3192950494614377 -0.9866922867034656 0
114 0.4855053845179977 -1.32771307947501 0
115 0.6977328882247977 -1.013260311282963 0
116 0.8639432222788016 -1.354281103087377 0
117 1.076170724286647 -1.039828334006691 0
118 -0.1051599550000299 -1.615597825028376 0
119 -0.4835977917766591 -1.589029801417158 0
120 -1.710837082999101 0.1521471436815472 0
121 -1.529835266766254 -0.1967944472051336 0
122 0.651715720047495 -1.66873387203842 0
123 -1.434842638116907 1.112568515347258 0
124 -1.222615135729929 1.427021284664128 0
125 1.030153557423185 -1.695301895593128 0
126 1.426576487072718 1.241052836836236 0
127 1.048013636458408 1.26761351444613 0
128 1.260263454709422 1.582066808075554 0
129 0.8818083595298443 1.608635326335029 0
130 -1.870649813085677 0.5150036486464241 0
131 -1.926515930090499 -0.1604574385850802 0
132 -1.743131041987091 -0.5106751582576843 0
133 -0.3173874562152477 -1.93005059348434 0
134 -2.121746924671362 -0.4840117916721875 0
135 -0.6958252929912121 -1.903482569935195 0
136 -1.95168908152597 -0.8270929144622741 0
137 0.669575989747257 1.294182600475169 0
138 0.5033674239680487 1.635204130735502 0
139 -0.8620356282000086 -1.56246177779726 0
140 -1.074263129626894 -1.876914546468418 0
141 -1.240473464839251 -1.535893754374548 0
142 0.06105038070374286 -1.956618617018269 0
143 0.909960395163704 -0.698807541860237 0
144 1.288398226593928 -0.7253755651265115 0
145 1.454608561293596 -1.066396357311209 0
146 1.666837353468883 -0.7519436789724748 0
147 1.500625945609341 -0.4109228130492858 0
148 1.879102862649726 -0.437476018081925 0
149 -1.573624749397 -0.8534609273053793 0
150 -1.785214131636964 -1.168255407600188 0
151 -0.8441772983772657 1.400453261184847 0
152 -1.010387633040471 1.741474054202038 0
153 -0.6319492355475456 1.714906303739213 0
154 0.7149101333422587 1.949321912475273 0
155 0.3370441194899154 1.97617050262497 0
156 0.1249097051889801 1.661762811430931 0
157 -0.04130257976514974 2.002782912515717 0
158 1.830723799283859 -1.091396586412061 0
159 1.615049884256484 -1.403523541021565 0
160 -0.529614957860545 -2.24450336194146 0
161 0.547445662228518 2.274251937551052 0
162 0.8094323066017246 -2.004022143723072 0
163 -1.594298151030989 1.449030407890728 0
164 -1.803992969561439 1.142354659287679 0
165 0.07890867602664874 1.006296400017498 0
166 -1.14893218270609 -0.2246826041386712 0
167 -0.7986023152324222 2.049627019146714 0
168 1.997359352820506 -1.417913475909145 0
169 2.277237032270099 0.1766308146055245 0
170 1.165840796168053 -2.017346374354105 0
171 1.622460092600033 1.547243218605139 0
172 1.45223656680772 1.884592075172049 0
173 -1.438301609882377 -1.843328411762846 0
174 -1.982588263471349 1.543588985194188 0
175 -2.298787347670183 -0.1460789864195785 0
176 -2.498395003858114 -0.4669125962451944 0
177 -2.557576943208006 0.1547049030871197 0
178 -1.176644987104876 2.068316946559644 0
179 -2.178023805054196 0.2262399589147659 0
180 -2.172542933146785 0.5855196774722008 0
181 -2.16299012589645 -1.146086024064665 0
182 -1.98568459431681 -1.469760958642239 0
183 -1.287880732864192 -2.183302614240989 0
184 2.088189348798572 -0.124674287845786 0
185 1.712853229422058 -0.09647002734607639 0
186 2.250893191787288 -0.466718872974508 0
187 1.802141427938819 1.211512217945875 0
188 2.003594355859182 1.566298211719862 0
189 2.040935886950833 -0.7767678253356448 0
190 -0.0873037712480276 1.347316284645298 0
191 -0.4197972366257124 2.028308869801295 0
192 -0.6056162497957751 2.425866763187966 0
193 0.2911340966718371 1.32074843784931 0
194 0.8357415406690444 0.9531327311640236 0
195 1.546385943598465 0.2444154226413714 0
196 0.9559594638067331 -0.04334443854436711 0
197 1.092910043743166 1.921919816013425 0
198 -1.601455166642719 -1.49958341252839 0
199 -1.403911629167116 -1.193175780045866 0
200 0.4573362557980722 0.9797220411589845 0
201 -0.9823109726678032 -0.5659234190661867 0
202 1.397160797464651 -1.714425955529862 0
203 1.540427525584384 -2.074875780681676 0
204 -0.9198989142366992 -2.219181034016522 0
205 -0.7753940646759415 -2.628689066829604 0
206 0.7437466772650861 -0.3577887133310373 0
207 0.3653119305514011 -0.3312189099247359 0
208 -1.640165584128052 0.80740847714135 0
209 0.4380725932480012 -1.982231220852004 0
210 0.5806958375237634 -2.38009786980582 0
211 0.2081025891185484 -2.28372959304864 0
212 -0.1630559209358214 -2.254472464484803 0
213 -0.6498081281705379 -1.248009009815161 0
214 0.245113258051725 0.6652721418627318 0
215 -0.5577738312442636 0.062938092323109 0
216 -0.7700971778751625 -0.2514633227617514 0
217 -0.2535304297441289 1.688160403366073 0
218 0.2730419449198219 -1.642006611849283 0
219 1.239514457833894 -1.378959531091638 0
220 -0.936309800283525 0.08955868975141429 0
221 0.1530846301109529 -0.6456715493196271 0
222 0.1561573672755958 2.292166630824023 0
223 -0.2265882112427806 2.342207751492591 0
224 -0.3583917309472441 2.695002084866259 0
225 -1.375823907841584 1.757575562363365 0
226 -0.4657428104708477 1.37385552390655 0
227 -0.6779675402284904 1.059427505067958 0
228 -2.330817623116197 -0.810968918513966 0
229 -1.362048418779636 -0.5386594581007921 0
230 -1.194360032724855 -0.8799414645425704 0
231 -1.027767891017693 -1.221078333912934 0
232 1.334353314637938 -0.06993569447883768 0
233 0.5315219284628966 -0.6722398854036777 0
234 1.122174003846121 -0.384362461065046 0
235 2.404679006727423 -0.8051067302188276 0
236 0.9331210840558013 2.253574978711803 0
237 0.7615565407016855 2.60397948663417 0
238 -2.173191839772376 1.180813474924466 0
239 -1.669627637855513 -2.165873288107002 0
240 2.590612020684107 -0.5006232917426641 0
241 -2.386008551088849 1.485605461293971 0
242 1.30517878646339 2.214855331064473 0
243 1.698794632052917 2.184236401970235 0
244 2.198208646975515 -1.106927396107765 0
245 -2.69437366018849 -0.8108170951468707 0
246 2.393244880977457 1.485349318194075 0
247 -2.35392615351119 -1.445534921918718 0
248 2.430547487233673 -0.167854493310901 0
249 -0.9806296394730737 2.364333867873315 0
250 1.754737757584769 -1.726644084040504 0
251 2.358154897528027 -1.427830669726121 0
252 2.168780607798299 -1.747218189851152 0
253 0.8401987161274428 -2.669208906897923 0
254 2.885669797025242 0.1479457210844061 0
255 0.1708336127861414 -2.829390370329525 0
256 -1.756945944847117 2.242575799416931 0
257 1.493863331514274 -2.431128589037149 0
258 -2.696398677031067 0.8027151538458713 0
259 -0.3590005557471896 -2.559404201553157 0
260 -2.003730352483013 0.8552392914499722 0
261 -2.172813042296255 -1.764175875243032 0
262 -1.712056035591967 1.804802461893538 0
263 0.4914131245674723 2.826345328465974 0
264 2.271201808728141 1.775987424688173 0
265 -1.164709348346632 2.633240588761889 0
266 -1.474247789473051 -2.448693874920788 0
267 -2.819415366121827 -0.5120474168095284 0
268 0.9491751931874526 -2.319441469850728 0
269 2.741470700712281 -0.8190313211789576 0
270 0.002589176115575743 -2.551430111535817 0
271 -2.350530462343025 0.8544512162087775 0
272 -2.87567866934447 0.1715253526152869 0
273 -1.484710936150087 2.052723894819685 0
274 2.447329264358191 0.4727358476027282 0
275 -2.258133207253435 1.776431402857874 0
276 1.487739295928967 2.465417027433302 0
277 -1.783116582514483 -1.789374451428245 0
278 -0.02792210361311058 2.607883085133666 0
279 1.773523173974937 -2.297206381846459 0
280 -0.5058843197958267 -2.845440463199514 0
281 0.3694855714339539 2.547052014229804 0
282 -2.466091524883077 0.4668994655605719 0
283 -0.1192920311951704 2.88349959507574 0
284 1.749546693938499 1.820544679393963 0
285 2.579806506293612 0.1083957155422096 0
286 0.2943056515429991 -2.563137381993454 0
287 1.246691195518272 -2.295210797438908 0
288 2.877707408294113 -0.5287891434740696 0
289 -0.6058562307751074 2.822991267864508 0
$ENDNOD
$ELM
579
1 15 0 1 1 1
2 15 0 2 1 2
3 15 0 3 1 3
4 15 0 4 1 4
5 15 0 5 1 5
6 1 0 1 2 2 6
7 1 0 1 2 6 7
8 1 0 1 2 7 8
9 1 0 1 2 8 9
10 1 0 1 2 9 10
11 1 0 1 2 10 11
12 1 0 1 2 11 12
13 1 0 1 2 12 13
14 1 0 1 2 13 14
15 1 0 1 2 14 15
16 1 0 1 2 15 16
17 1 0 1 2 16 17
18 1 0 1 2 17 4
19 1 0 2 2 4 18
20 1 0 2 2 18 19
21 1 0 2 2 19 20
22 1 0 2 2 20 21
23 1 0 2 2 21 22
24 1 0 2 2 22 23
25 1 0 2 2 23 24
26 1 0 2 2 24 25
27 1 0 2 2 25 26
28 1 0 2 2 26 27
29 1 0 2 2 27 28
30 1 0 2 2 28 29
31 1 0 2 2 29 3
32 1 0 3 2 3 30
33 1 0 3 2 30 31
34 1 0 3 2 31 32
35 1 0 3 2 32 33
36 1 0 3 2 33 34
37 1 0 3 2 34 35
38 1 0 3 2 35 36
39 1 0 3 2 36 37
40 1 0 3 2 37 38
41 1 0 3 2 38 39
42 1 0 3 2 39 40
43 1 0 3 2 40 41
44 1 0 3 2 41 5
45 1 0 4 2 5 42
46 1 0 4 2 42 43
47 1 0 4 2 43 44
48 1 0 4 2 44 45
49 1 0 4 2 45 46
50 1 0 4 2 46 47
51 1 0 4 2 47 48
52 1 0 4 2 48 49
53 1 0 4 2 49 50
54 1 0 4 2 50 51
55 1 0 4 2 51 52
56 1 0 4 2 52 53
57 1 0 4 2 53 2
58 2 0 1 3 131 120 179
59 2 0 1 3 39 40 205
60 2 0 1 3 66 175 177
61 2 0 1 3 175 66 176
62 2 0 1 3 271 258 282
63 2 0 1 3 15 16 237
64 2 0 1 3 57 39 205
65 2 0 1 3 174 69 275
66 2 0 1 3 69 174 262
67 2 0 1 3 120 130 179
68 2 0 1 3 36 37 239
69 2 0 1 3 168 250 252
70 2 0 1 3 73 178 249
71 2 0 1 3 182 261 277
72 2 0 1 3 56 15 237
73 2 0 1 3 261 68 277
74 2 0 1 3 175 131 179
75 2 0 1 3 210 72 253
76 2 0 1 3 73 249 265
77 2 0 1 3 250 67 252
78 2 0 1 3 49 50 251
79 2 0 1 3 258 70 282
80 2 0 1 3 180 271 282
81 2 0 1 3 68 36 239
82 2 0 1 3 74 75 274
83 2 0 1 3 256 262 273
84 2 0 1 3 210 253 268
85 2 0 1 3 256 69 262
86 2 0 1 3 26 54 241
87 2 0 1 3 205 40 280
88 2 0 1 3 33 34 247
89 2 0 1 3 71 274 285
90 2 0 1 3 71 74 274
91 2 0 1 3 278 222 281
92 2 0 1 3 204 57 205
93 2 0 1 3 188 65 284
94 2 0 1 3 12 13 243
95 2 0 1 3 60 181 228
96 2 0 1 3 183 57 204
97 2 0 1 3 25 26 241
98 2 0 1 3 62 278 281
99 2 0 1 3 65 188 264
100 2 0 1 3 212 259 270
101 2 0 1 3 65 12 243
102 2 0 1 3 61 192 289
103 2 0 1 3 179 130 180
104 2 0 1 3 50 55 251
105 2 0 1 3 254 71 285
106 2 0 1 3 177 175 179
107 2 0 1 3 160 204 205
108 2 0 1 3 192 224 289
109 2 0 1 3 60 33 247
110 2 0 1 3 72 210 286
111 2 0 1 3 237 16 263
112 2 0 1 3 239 37 266
113 2 0 1 3 60 228 245
114 2 0 1 3 203 67 250
115 2 0 1 3 54 238 241
116 2 0 1 3 49 251 252
117 2 0 1 3 259 64 270
118 2 0 1 3 228 176 245
119 2 0 1 3 236 56 237
120 2 0 1 3 171 187 188
121 2 0 1 3 126 80 187
122 2 0 1 3 171 126 187
123 2 0 1 3 80 77 187
124 2 0 1 3 148 184 185
125 2 0 1 3 184 148 186
126 2 0 1 3 184 108 185
127 2 0 1 3 185 108 195
128 2 0 1 3 108 79 195
129 2 0 1 3 186 148 189
130 2 0 1 3 146 158 189
131 2 0 1 3 148 146 189
132 2 0 1 3 192 191 223
133 2 0 1 3 191 157 223
134 2 0 1 3 192 223 224
135 2 0 1 3 157 191 217
136 2 0 1 3 156 190 193
137 2 0 1 3 138 156 193
138 2 0 1 3 217 153 226
139 2 0 1 3 137 138 193
140 2 0 1 3 190 156 217
141 2 0 1 3 137 193 200
142 2 0 1 3 156 157 217
143 2 0 1 3 194 137 200
144 2 0 1 3 190 217 226
145 2 0 1 3 191 153 217
146 2 0 1 3 127 137 194
147 2 0 1 3 79 81 195
148 2 0 1 3 82 127 194
149 2 0 1 3 185 195 232
150 2 0 1 3 195 84 232
151 2 0 1 3 83 82 194
152 2 0 1 3 154 129 197
153 2 0 1 3 89 92 207
154 2 0 1 3 84 196 232
155 2 0 1 3 207 92 221
156 2 0 1 3 88 89 207
157 2 0 1 3 196 88 206
158 2 0 1 3 129 128 197
159 2 0 1 3 85 88 196
160 2 0 1 3 200 165 214
161 2 0 1 3 143 206 233
162 2 0 1 3 206 207 233
163 2 0 1 3 221 113 233
164 2 0 1 3 193 165 200
165 2 0 1 3 150 182 198
166 2 0 1 3 232 196 234
167 2 0 1 3 149 150 199
168 2 0 1 3 86 200 214
169 2 0 1 3 150 198 199
170 2 0 1 3 196 206 234
171 2 0 1 3 99 90 214
172 2 0 1 3 149 199 230
173 2 0 1 3 3 30 66
174 2 0 1 3 165 99 214
175 2 0 1 3 201 229 230
176 2 0 1 3 229 149 230
177 2 0 1 3 209 142 211
178 2 0 1 3 166 201 216
179 2 0 1 3 6 7 71
180 2 0 1 3 42 43 72
181 2 0 1 3 211 142 212
182 2 0 1 3 201 166 229
183 2 0 1 3 133 160 212
184 2 0 1 3 202 159 219
185 2 0 1 3 105 230 231
186 2 0 1 3 21 22 73
187 2 0 1 3 90 87 214
188 2 0 1 3 11 12 65
189 2 0 1 3 47 48 67
190 2 0 1 3 35 36 68
191 2 0 1 3 8 9 58
192 2 0 1 3 44 45 59
193 2 0 1 3 142 133 212
194 2 0 1 3 32 33 60
195 2 0 1 3 140 183 204
196 2 0 1 3 19 20 61
197 2 0 1 3 23 24 69
198 2 0 1 3 166 216 220
199 2 0 1 3 209 122 218
200 2 0 1 3 125 202 219
201 2 0 1 3 130 111 208
202 2 0 1 3 111 109 208
203 2 0 1 3 119 106 213
204 2 0 1 3 216 215 220
205 2 0 1 3 133 119 135
206 2 0 1 3 118 106 119
207 2 0 1 3 146 145 158
208 2 0 1 3 142 209 218
209 2 0 1 3 133 135 160
210 2 0 1 3 118 119 133
211 2 0 1 3 230 199 231
212 2 0 1 3 164 163 174
213 2 0 1 3 210 209 211
214 2 0 1 3 139 119 213
215 2 0 1 3 123 163 164
216 2 0 1 3 144 145 146
217 2 0 1 3 115 116 117
218 2 0 1 3 140 173 183
219 2 0 1 3 97 105 213
220 2 0 1 3 155 154 161
221 2 0 1 3 95 96 97
222 2 0 1 3 160 135 204
223 2 0 1 3 135 140 204
224 2 0 1 3 106 97 213
225 2 0 1 3 104 109 111
226 2 0 1 3 109 123 208
227 2 0 1 3 207 221 233
228 2 0 1 3 145 117 219
229 2 0 1 3 123 164 208
230 2 0 1 3 122 114 218
231 2 0 1 3 143 117 144
232 2 0 1 3 201 96 216
233 2 0 1 3 158 159 168
234 2 0 1 3 115 117 143
235 2 0 1 3 104 103 109
236 2 0 1 3 144 146 147
237 2 0 1 3 147 146 148
238 2 0 1 3 138 129 154
239 2 0 1 3 120 111 130
240 2 0 1 3 102 103 104
241 2 0 1 3 134 131 175
242 2 0 1 3 93 215 216
243 2 0 1 3 98 97 106
244 2 0 1 3 190 165 193
245 2 0 1 3 206 88 207
246 2 0 1 3 125 170 202
247 2 0 1 3 144 117 145
248 2 0 1 3 107 106 118
249 2 0 1 3 167 153 191
250 2 0 1 3 116 125 219
251 2 0 1 3 92 93 95
252 2 0 1 3 97 96 105
253 2 0 1 3 138 154 155
254 2 0 1 3 94 90 99
255 2 0 1 3 112 111 120
256 2 0 1 3 116 122 125
257 2 0 1 3 102 100 103
258 2 0 1 3 104 111 112
259 2 0 1 3 117 116 219
260 2 0 1 3 96 93 216
261 2 0 1 3 149 136 150
262 2 0 1 3 95 97 98
263 2 0 1 3 101 165 190
264 2 0 1 3 159 145 219
265 2 0 1 3 94 100 102
266 2 0 1 3 94 99 100
267 2 0 1 3 163 124 225
268 2 0 1 3 93 91 215
269 2 0 1 3 135 139 140
270 2 0 1 3 104 112 220
271 2 0 1 3 135 119 139
272 2 0 1 3 101 99 165
273 2 0 1 3 89 91 92
274 2 0 1 3 95 93 96
275 2 0 1 3 155 161 222
276 2 0 1 3 150 181 182
277 2 0 1 3 109 110 123
278 2 0 1 3 202 170 203
279 2 0 1 3 94 102 215
280 2 0 1 3 115 114 116
281 2 0 1 3 116 114 122
282 2 0 1 3 123 124 163
283 2 0 1 3 162 209 210
284 2 0 1 3 112 166 220
285 2 0 1 3 92 91 93
286 2 0 1 3 215 102 220
287 2 0 1 3 162 122 209
288 2 0 1 3 121 120 131
289 2 0 1 3 105 96 201
290 2 0 1 3 213 105 231
291 2 0 1 3 167 191 192
292 2 0 1 3 91 90 94
293 2 0 1 3 100 99 101
294 2 0 1 3 14 15 56
295 2 0 1 3 91 94 215
296 2 0 1 3 118 133 142
297 2 0 1 3 50 51 55
298 2 0 1 3 152 151 153
299 2 0 1 3 38 39 57
300 2 0 1 3 112 120 121
301 2 0 1 3 102 104 220
302 2 0 1 3 158 145 159
303 2 0 1 3 92 95 221
304 2 0 1 3 113 114 115
305 2 0 1 3 147 148 185
306 2 0 1 3 89 87 90
307 2 0 1 3 89 90 91
308 2 0 1 3 98 113 221
309 2 0 1 3 109 103 110
310 2 0 1 3 95 98 221
311 2 0 1 3 114 107 218
312 2 0 1 3 152 153 167
313 2 0 1 3 125 162 170
314 2 0 1 3 124 152 225
315 2 0 1 3 132 136 149
316 2 0 1 3 98 106 107
317 2 0 1 3 150 136 181
318 2 0 1 3 125 122 162
319 2 0 1 3 140 141 173
320 2 0 1 3 156 155 157
321 2 0 1 3 112 121 166
322 2 0 1 3 113 107 114
323 2 0 1 3 152 167 178
324 2 0 1 3 123 110 124
325 2 0 1 3 157 155 222
326 2 0 1 3 107 118 218
327 2 0 1 3 140 139 141
328 2 0 1 3 101 226 227
329 2 0 1 3 98 107 113
330 2 0 1 3 124 151 152
331 2 0 1 3 103 100 227
332 2 0 1 3 100 101 227
333 2 0 1 3 101 190 226
334 2 0 1 3 134 175 176
335 2 0 1 3 53 2 63
336 2 0 1 3 124 110 151
337 2 0 1 3 121 131 132
338 2 0 1 3 41 5 64
339 2 0 1 3 132 131 134
340 2 0 1 3 153 151 226
341 2 0 1 3 152 178 225
342 2 0 1 3 28 29 70
343 2 0 1 3 110 103 227
344 2 0 1 3 138 155 156
345 2 0 1 3 132 134 136
346 2 0 1 3 151 110 227
347 2 0 1 3 88 87 89
348 2 0 1 3 105 201 230
349 2 0 1 3 198 141 199
350 2 0 1 3 173 141 198
351 2 0 1 3 226 151 227
352 2 0 1 3 118 142 218
353 2 0 1 3 139 213 231
354 2 0 1 3 17 4 62
355 2 0 1 3 166 121 229
356 2 0 1 3 128 172 197
357 2 0 1 3 136 134 228
358 2 0 1 3 157 222 223
359 2 0 1 3 181 136 228
360 2 0 1 3 132 149 229
361 2 0 1 3 121 132 229
362 2 0 1 3 26 27 54
363 2 0 1 3 134 176 228
364 2 0 1 3 141 139 231
365 2 0 1 3 86 194 200
366 2 0 1 3 137 129 138
367 2 0 1 3 87 86 214
368 2 0 1 3 199 141 231
369 2 0 1 3 85 87 88
370 2 0 1 3 128 171 172
371 2 0 1 3 86 83 194
372 2 0 1 3 85 86 87
373 2 0 1 3 127 129 137
374 2 0 1 3 113 115 233
375 2 0 1 3 206 143 234
376 2 0 1 3 143 144 234
377 2 0 1 3 127 128 129
378 2 0 1 3 128 126 171
379 2 0 1 3 84 85 196
380 2 0 1 3 85 83 86
381 2 0 1 3 147 185 232
382 2 0 1 3 147 232 234
383 2 0 1 3 144 147 234
384 2 0 1 3 115 143 233
385 2 0 1 3 127 126 128
386 2 0 1 3 81 84 195
387 2 0 1 3 84 83 85
388 2 0 1 3 82 126 127
389 2 0 1 3 81 83 84
390 2 0 1 3 82 80 126
391 2 0 1 3 81 82 83
392 2 0 1 3 169 108 184
393 2 0 1 3 81 80 82
394 2 0 1 3 78 108 169
395 2 0 1 3 79 80 81
396 2 0 1 3 78 79 108
397 2 0 1 3 79 77 80
398 2 0 1 3 78 77 79
399 2 0 1 3 187 76 188
400 2 0 1 3 77 76 187
401 2 0 1 3 75 77 78
402 2 0 1 3 224 18 289
403 2 0 1 3 75 76 77
404 2 0 1 3 154 197 236
405 2 0 1 3 161 236 237
406 2 0 1 3 236 197 242
407 2 0 1 3 186 189 235
408 2 0 1 3 192 61 249
409 2 0 1 3 32 60 245
410 2 0 1 3 31 32 245
411 2 0 1 3 212 160 259
412 2 0 1 3 161 154 236
413 2 0 1 3 18 224 283
414 2 0 1 3 56 236 242
415 2 0 1 3 164 174 238
416 2 0 1 3 75 58 76
417 2 0 1 3 188 76 246
418 2 0 1 3 158 168 244
419 2 0 1 3 183 173 239
420 2 0 1 3 58 9 246
421 2 0 1 3 9 10 246
422 2 0 1 3 242 172 243
423 2 0 1 3 55 235 244
424 2 0 1 3 235 189 244
425 2 0 1 3 176 66 267
426 2 0 1 3 181 60 247
427 2 0 1 3 169 184 248
428 2 0 1 3 197 172 242
429 2 0 1 3 186 235 240
430 2 0 1 3 238 174 241
431 2 0 1 3 178 73 273
432 2 0 1 3 180 130 260
433 2 0 1 3 247 34 261
434 2 0 1 3 167 192 249
435 2 0 1 3 257 203 287
436 2 0 1 3 202 203 250
437 2 0 1 3 168 159 250
438 2 0 1 3 189 158 244
439 2 0 1 3 67 203 279
440 2 0 1 3 160 205 259
441 2 0 1 3 240 63 248
442 2 0 1 3 186 240 248
443 2 0 1 3 253 59 268
444 2 0 1 3 130 208 260
445 2 0 1 3 174 163 262
446 2 0 1 3 203 170 287
447 2 0 1 3 241 174 275
448 2 0 1 3 251 168 252
449 2 0 1 3 76 58 246
450 2 0 1 3 170 162 268
451 2 0 1 3 164 238 260
452 2 0 1 3 182 181 247
453 2 0 1 3 260 238 271
454 2 0 1 3 66 177 272
455 2 0 1 3 177 70 272
456 2 0 1 3 184 186 248
457 2 0 1 3 75 78 274
458 2 0 1 3 171 188 284
459 2 0 1 3 198 182 277
460 2 0 1 3 223 222 278
461 2 0 1 3 74 58 75
462 2 0 1 3 161 237 281
463 2 0 1 3 245 176 267
464 2 0 1 3 65 243 284
465 2 0 1 3 243 172 284
466 2 0 1 3 239 173 277
467 2 0 1 3 68 239 277
468 2 0 1 3 57 183 266
469 2 0 1 3 240 235 269
470 2 0 1 3 210 211 286
471 2 0 1 3 67 48 252
472 2 0 1 3 48 49 252
473 2 0 1 3 178 167 249
474 2 0 1 3 159 202 250
475 2 0 1 3 244 168 251
476 2 0 1 3 2 6 254
477 2 0 1 3 5 42 255
478 2 0 1 3 63 2 254
479 2 0 1 3 64 5 255
480 2 0 1 3 71 7 74
481 2 0 1 3 72 43 253
482 2 0 1 3 22 23 256
483 2 0 1 3 8 58 74
484 2 0 1 3 44 59 253
485 2 0 1 3 6 71 254
486 2 0 1 3 42 72 255
487 2 0 1 3 59 45 257
488 2 0 1 3 73 22 256
489 2 0 1 3 45 46 257
490 2 0 1 3 23 69 256
491 2 0 1 3 7 8 74
492 2 0 1 3 43 44 253
493 2 0 1 3 27 28 258
494 2 0 1 3 28 70 258
495 2 0 1 3 54 27 258
496 2 0 1 3 182 247 261
497 2 0 1 3 34 35 261
498 2 0 1 3 16 17 263
499 2 0 1 3 179 180 282
500 2 0 1 3 177 179 282
501 2 0 1 3 21 73 265
502 2 0 1 3 61 20 265
503 2 0 1 3 38 57 266
504 2 0 1 3 208 164 260
505 2 0 1 3 35 68 261
506 2 0 1 3 163 225 262
507 2 0 1 3 55 51 269
508 2 0 1 3 203 257 279
509 2 0 1 3 70 177 282
510 2 0 1 3 55 244 251
511 2 0 1 3 66 30 267
512 2 0 1 3 3 66 272
513 2 0 1 3 70 29 272
514 2 0 1 3 11 65 264
515 2 0 1 3 188 246 264
516 2 0 1 3 235 55 269
517 2 0 1 3 10 11 264
518 2 0 1 3 24 25 275
519 2 0 1 3 14 56 276
520 2 0 1 3 180 260 271
521 2 0 1 3 47 67 279
522 2 0 1 3 17 62 263
523 2 0 1 3 41 64 280
524 2 0 1 3 30 31 267
525 2 0 1 3 18 19 289
526 2 0 1 3 53 63 288
527 2 0 1 3 20 21 265
528 2 0 1 3 237 263 281
529 2 0 1 3 183 239 266
530 2 0 1 3 262 225 273
531 2 0 1 3 37 38 266
532 2 0 1 3 243 13 276
533 2 0 1 3 162 210 268
534 2 0 1 3 62 4 283
535 2 0 1 3 25 241 275
536 2 0 1 3 274 169 285
537 2 0 1 3 56 242 276
538 2 0 1 3 51 52 269
539 2 0 1 3 63 240 288
540 2 0 1 3 211 212 270
541 2 0 1 3 246 10 264
542 2 0 1 3 54 258 271
543 2 0 1 3 29 3 272
544 2 0 1 3 240 269 288
545 2 0 1 3 225 178 273
546 2 0 1 3 31 245 267
547 2 0 1 3 78 169 274
548 2 0 1 3 238 54 271
549 2 0 1 3 249 61 265
550 2 0 1 3 242 243 276
551 2 0 1 3 69 24 275
552 2 0 1 3 13 14 276
553 2 0 1 3 259 205 280
554 2 0 1 3 173 198 277
555 2 0 1 3 224 223 278
556 2 0 1 3 46 47 279
557 2 0 1 3 40 41 280
558 2 0 1 3 64 259 280
559 2 0 1 3 222 161 281
560 2 0 1 3 170 268 287
561 2 0 1 3 4 18 283
562 2 0 1 3 257 46 279
563 2 0 1 3 248 63 285
564 2 0 1 3 64 255 270
565 2 0 1 3 73 256 273
566 2 0 1 3 169 248 285
567 2 0 1 3 172 171 284
568 2 0 1 3 63 254 285
569 2 0 1 3 52 53 288
570 2 0 1 3 19 61 289
571 2 0 1 3 263 62 281
572 2 0 1 3 269 52 288
573 2 0 1 3 278 62 283
574 2 0 1 3 255 72 286
575 2 0 1 3 270 255 286
576 2 0 1 3 268 59 287
577 2 0 1 3 59 257 287
578 2 0 1 3 224 278 283
579 2 0 1 3 211 270 286
$ENDELM
